9999
1218
1199
1199
1199
1199
1200
1198
1197
1198
1198
1199
1199
1199
1200
1202
1203
1204
1204
1205
1205
1203
1202
1203
1201
1201
1202
1202
1200
1201
1204
1204
1204
1203
1202
1202
1203
1205
1202
1200
1198
1200
1196
1196
1198
1200
1205
1207
1208
1209
1207
1207
1205
1206
1206
1205
1201
1198
1196
1192
1195
1194
1193
1193
1189
1175
1171
1162
1155
1152
1155
1159
1167
1171
1170
1171
1169
1169
1168
1171
1175
1176
1187
1195
1189
1188
1189
1190
1192
1192
1193
1190
1187
1180
1179
1175
1174
1169
1170
1172
1172
1172
1175
1174
1175
1179
1182
1189
1191
1191
1189
1182
1177
1173
1171
1169
1169
1166
1163
1163
1160
1156
1152
1148
1146
1146
1146
1148
1055
800
571
600
902
916
876
809
579
517
515
513
511
510
509
507
506
654
945
1055
925
558
573
802
736
858
1088
824
482
474
495
468
464
464
460
453
451
450
448
446
444
486
462
440
438
436
435
435
434
433
432
432
430
430
428
452
685
855
557
859
610
423
422
422
422
423
423
424
425
434
792
694
454
431
436
499
486
567
615
672
880
1042
1040
1039
1036
594
566
670
440
437
572
602
436
436
437
438
572
482
466
479
447
641
536
678
613
451
449
450
484
733
734
682
723
567
464
809
827
819
1068
1070
1074
1080
1082
1082
1081
1008
735
516
589
756
686
481
469
468
467
467
466
465
465
465
465
463
475
556
655
798
705
502
479
460
455
453
453
452
451
451
451
485
586
687
673
527
479
537
580
564
449
448
447
446
444
443
504
519
443
438
436
435
434
437
443
588
492
431
430
430
462
433
427
426
425
423
421
420
416
414
710
1024
565
410
398
396
395
389
387
385
382
381
380
385
473
481
752
800
624
384
372
371
369
412
444
426
873
961
672
427
382
410
433
349
348
347
347
347
429
801
910
927
958
954
921
907
932
880
764
581
399
373
548
677
713
583
366
331
341
482
379
311
307
302
298
295
291
286
282
279
275
272
270
267
264
258
255
252
251
248
245
243
241
240
238
237
236
234
233
232
230
228
226
224
223
222
221
219
217
216
214
213
211
210
209
208
206
205
203
202
201
199
198
197
196
245
312
626
758
414
654
383
224
188
187
186
185
184
183
182
185
497
177
175
175
174
174
173
174
173
173
173
174
175
175
176
177
282
204
181
182
183
184
204
632
418
191
243
603
806
578
273
208
199
201
203
311
792
843
551
210
209
209
210
211
212
214
215
214
215
215
216
216
217
446
438
360
220
220
221
222
313
224
223
224
251
363
255
229
228
229
300
484
304
232
233
234
235
238
238
238
239
239
240
240
241
241
242
242
243
246
412
301
244
244
245
245
246
246
247
248
249
250
251
252
253
255
256
257
263
263
264
265
266
268
267
267
266
267
267
267
267
267
267
266
266
266
267
266
267
267
267
268
269
268
307
405
270
267
267
267
267
268
268
268
269
267
267
266
266
266
265
265
263
263
258
258
257
256
256
255
254
254
254
254
253
252
252
252
253
252
252
252
252
252
253
254
255
360
416
871
739
546
558
636
460
245
243
244
240
240
239
238
238
238
238
237
238
237
238
237
238
238
238
239
341
239
239
240
240
240
241
242
242
244
245
246
247
248
602
339
251
255
258
295
905
910
911
915
917
924
925
928
906
289
287
289
290
291
293
295
296
298
300
485
888
929
891
684
405
320
319
321
336
495
715
974
984
988
991
995
964
359
733
999
1006
1009
1011
1013
1015
1016
1018
1020
1022
1023
1024
1025
1025
1025
1025
1025
1026
1027
1026
1025
1024
1023
1023
1023
1022
1023
1024
1024
1025
1024
1023
1021
1021
1021
1021
1020
1018
1017
1015
1013
1013
1012
1011
1009
1008
1007
1007
1004
931
517
350
347
344
342
339
337
413
364
332
331
329
328
325
323
322
320
318
316
314
312
310
308
306
305
302
300
298
296
293
291
289
287
295
335
337
369
276
274
271
269
266
265
263
257
256
255
253
252
250
249
247
246
244
242
240
238
236
234
231
229
226
224
222
220
218
215
214
213
230
215
210
208
207
205
205
204
203
202
200
199
198
197
196
194
193
192
191
190
190
189
188
187
186
185
184
184
184
184
183
183
183
182
183
190
184
183
182
183
183
182
183
183
182
182
182
183
183
182
183
183
184
184
185
186
186
186
187
188
190
192
194
198
201
204
210
219
211
387
859
850
679
354
210
210
212
214
213
213
216
347
227
221
390
223
223
224
238
226
228
229
285
233
236
238
241
243
245
248
251
254
257
264
266
267
268
269
270
271
272
274
275
277
278
280
281
282
284
285
287
290
293
453
412
298
299
300
303
303
305
306
308
310
312
313
316
332
320
322
330
505
331
459
699
357
345
349
353
356
359
364
369
674
639
378
758
515
634
388
505
1032
1035
794
944
1041
1043
1047
802
1046
1057
1060
1064
1067
1068
1071
1073
1073
1072
1072
1074
1076
1077
928
778
704
432
488
589
832
708
424
421
429
422
419
418
418
417
417
790
762
418
698
414
411
410
498
540
412
584
411
673
407
406
407
407
408
409
409
411
413
416
475
752
802
704
882
517
846
873
573
502
518
484
439
441
443
446
641
541
703
899
1092
1057
1113
1123
1126
1126
1129
1134
1136
1138
1139
1140
1142
1145
1148
1147
1148
1150
1151
1151
1151
1150
1150
1152
1155
1154
1154
1155
1158
1155
1158
1156
1158
1158
1159
1160
1163
1163
1164
1165
1165
1163
1164
1164
1163
1163
1163
1161
1161
1161
1153
552
529
530
553
538
763
546
747
999
593
563
1095
1031
1013
982
1123
1201
1201
1202
1208
1210
1213
1215
1218
1219
1222
1220
1220
1220
1218
1219
1218
1218
1220
1220
1222
1223
1223
1222
1220
1220
1220
1224
1223
1225
1226
1225
1225
1225
1226
1226
1224
1228
1228
1228
1224
1228
1227
1224
1225
1228
1229
1230
1229
1233
1230
1232
1233
1234
1232
1234
1232
1232
1231
1230
1230
1231
1227
1229
1228
1227
1225
1223
1219
1215
1214
1213
1212
1210
1209
1209
1209
1205
1203
1200
1198
1200
1198
1196
1195
1196
1196
1194
1193
1193
1193
1192
1193
1163
948
702
679
593
640
732
837
927
644
798
616
599
567
763
1172
1170
1027
921
716
776
1123
1112
1147
1165
1163
1161
1161
1159
1161
1160
1159
1156
1153
1152
1151
1149
1147
1144
1143
1144
1139
1085
1133
1133
1133
1130
1125
1017
944
918
720
474
473
506
723
865
909
466
464
463
462
461
460
459
457
456
455
454
453
452
697
451
448
447
446
450
642
862
724
445
444
444
459
478
444
444
443
443
443
443
443
444
444
444
444
445
446
446
447
449
493
493
471
455
455
457
697
754
805
889
737
517
965
1081
1116
1117
1032
1101
1119
1124
1128
1133
1133
1135
1137
1137
1141
1140
1143
1145
1143
1145
1147
1149
1154
1156
1158
1163
1163
1164
1167
1166
1165
1168
1169
1167
1170
1174
1178
1179
1185
1189
1190
1191
1190
1187
1181
1176
1170
1164
1164
1164
1166
1169
1172
1174
1175
1177
1175
1174
1172
1172
1171
1173
1173
1173
1174
1176
1176
1177
1175
1175
1173
1173
1173
1173
1172
9999
1173
1174
1177
1177
1177
1175
1171
1171
1173
1169
1163
1163
1165
1167
1168
1168
1168
1166
1167
1165
1167
1168
1165
1164
1162
1160
1158
1157
1154
1150
1147
1144
1144
1146
1146
1145
1146
1146
1147
1145
1147
1145
1142
1141
1141
1142
1144
1147
1150
1151
1148
1150
1148
1143
1141
1143
1144
1143
1142
1142
1141
1138
1134
1130
1124
1120
1120
1117
1114
1110
1109
1106
1104
1101
1101
1090
845
570
834
852
643
674
826
1046
1071
1068
1067
1065
1064
1063
1061
1061
1059
1059
1060
1057
1055
1057
1058
682
429
443
440
422
536
621
514
745
728
418
418
419
421
432
438
586
1007
1045
1063
1064
1064
1068
1070
1070
1047
1027
1073
1076
1074
1076
1078
1074
1077
1078
1078
1082
1085
1093
1098
1098
1100
1098
1099
1098
1101
1102
1102
1103
1107
1110
1115
1116
1119
1121
1127
1127
1129
1131
1133
1135
1136
1138
1140
1145
1147
1145
1144
1146
1150
1151
1159
1162
1163
1163
1168
1171
1173
1177
1178
1181
1180
1180
1180
1180
1178
1178
1179
1179
1181
1186
1190
1193
1195
1195
1193
1192
1191
1192
1191
1189
1189
1189
1189
1189
1196
1200
1197
1194
1192
1192
1193
1194
1194
1195
1196
1197
1197
1197
1197
1196
1196
1195
1193
1193
1192
1190
1189
1189
1187
1186
1187
1181
1180
1175
1175
1174
1175
1173
1173
1174
1173
1173
1169
1163
1156
1154
1153
1152
1148
1145
1142
1140
1137
1133
1129
1125
1123
1121
1119
1114
1111
1095
1108
1103
1098
1094
1089
1027
713
459
449
442
441
439
437
436
446
515
442
427
426
424
423
421
419
418
415
414
411
408
413
496
418
396
389
385
382
378
374
370
367
364
360
357
354
350
347
344
341
339
338
337
336
335
334
333
332
331
329
326
325
323
320
318
316
313
310
308
305
303
301
300
298
297
296
611
575
295
292
291
290
289
288
288
288
288
288
287
286
285
285
287
284
284
284
284
285
287
387
323
614
936
906
328
299
302
504
952
862
826
883
504
334
348
539
982
964
445
340
344
616
1003
1007
1010
915
389
451
594
505
652
490
429
589
968
969
991
910
1008
1030
1033
1033
1034
1035
1035
1032
1034
1034
1037
1038
1041
1039
1041
1043
1045
1047
1048
1055
1058
1056
1056
1057
1059
1060
1060
1062
1062
1061
1059
1058
1058
1057
1056
1057
1056
1056
1058
1058
1007
851
721
531
402
553
461
397
395
394
390
388
386
384
381
379
376
373
370
367
363
360
355
351
348
344
339
336
333
330
325
321
317
314
311
308
305
301
299
296
293
291
288
285
282
279
275
271
267
263
254
249
244
240
236
232
227
224
221
218
215
211
208
205
206
202
200
198
197
194
192
190
189
189
201
189
189
189
189
190
190
192
193
196
198
200
201
203
205
207
210
212
215
232
220
345
226
228
231
233
234
236
239
241
243
274
247
351
417
894
902
908
912
915
913
837
871
741
381
599
910
900
707
654
665
659
717
454
297
380
493
317
301
303
375
429
346
306
306
316
464
705
900
936
936
936
938
936
937
937
938
939
939
9999
937
935
933
933
935
933
933
932
935
940
942
940
940
938
935
934
934
929
925
921
916
916
915
912
908
905
900
898
893
887
880
850
874
817
568
596
568
312
668
270
244
243
242
411
552
374
258
237
236
235
234
234
233
232
231
230
228
226
225
224
223
222
221
220
218
218
217
217
217
216
216
215
215
215
214
214
214
213
212
211
211
210
210
210
210
210
210
210
210
211
210
210
209
208
207
207
207
208
208
209
210
211
212
214
215
217
217
249
220
221
222
222
223
224
225
227
228
230
232
235
237
240
243
246
250
254
258
447
690
283
278
309
927
930
931
884
939
941
947
946
946
946
944
943
946
953
960
961
477
473
666
833
885
461
344
336
366
335
333
332
331
330
329
332
328
325
324
323
321
320
320
320
320
319
319
319
319
319
319
318
318
318
318
317
317
316
316
315
314
311
309
306
304
302
300
300
300
300
300
299
321
374
308
299
382
702
931
942
720
315
350
303
316
306
394
779
944
940
917
810
535
303
303
302
303
304
304
305
306
307
308
310
312
856
959
887
960
960
961
964
964
965
968
969
972
972
936
705
967
433
637
329
325
325
324
325
324
324
324
325
330
328
329
329
331
332
334
336
339
341
636
986
728
352
350
352
354
355
356
358
359
411
365
366
370
439
804
813
397
385
388
394
436
881
844
1032
677
1065
1067
1072
1075
1078
1079
1081
1087
1093
1095
1098
1099
1097
1098
1103
1110
1110
1112
1114
1112
1112
1114
1119
1119
1121
1120
1122
1122
1123
1125
1125
1131
1128
1128
1127
1131
1135
1140
1142
1140
1137
1136
1133
1133
1133
1131
1129
1127
1127
1123
1121
1119
1119
1114
1111
1109
1104
1103
918
479
945
814
669
631
438
436
435
434
432
431
429
428
427
426
424
422
419
419
436
412
409
406
403
400
396
391
388
385
384
386
728
954
634
385
368
366
364
364
360
358
362
429
351
348
345
343
340
375
335
332
329
326
324
321
318
315
313
311
309
306
305
304
303
302
300
299
298
298
298
297
296
296
424
293
292
296
291
290
503
514
931
313
288
287
286
284
284
284
285
286
466
307
290
290
291
292
294
296
297
300
302
341
350
307
309
313
316
321
862
339
337
420
719
829
738
689
823
936
644
781
1023
1028
1030
1032
1034
1038
1040
1045
1048
1046
1049
1056
1060
1064
1066
1071
1070
1070
1074
1078
1082
1083
1086
1084
1082
1083
1082
1080
1080
1082
1081
1078
1077
1048
928
698
558
853
667
670
655
1013
1058
1056
1054
1049
1047
1046
842
590
764
544
461
396
394
440
673
924
954
389
1007
841
675
619
362
355
351
371
384
470
531
398
332
330
328
325
323
321
319
317
314
311
309
306
303
302
666
298
294
291
288
625
283
279
276
273
274
459
913
344
465
885
255
277
735
251
250
249
249
249
257
252
250
606
319
247
245
244
245
245
246
246
246
246
322
251
579
346
504
477
492
818
373
277
561
284
288
294
299
694
959
964
968
969
973
976
980
981
984
987
989
989
991
991
990
987
986
598
342
470
341
341
340
340
340
339
338
337
336
336
506
768
396
366
590
369
322
321
318
317
314
312
389
342
306
304
303
301
299
297
296
295
293
291
290
288
286
298
286
280
278
277
275
273
270
268
266
264
263
540
714
322
375
530
249
248
679
902
903
902
699
376
241
240
330
248
276
317
841
503
295
250
593
886
871
222
229
304
218
384
231
215
214
214
214
214
214
215
215
216
216
216
217
330
876
711
589
218
218
218
217
218
245
324
613
750
769
238
222
222
222
223
224
225
225
226
227
228
229
230
231
232
232
233
233
233
232
232
257
231
231
415
241
231
277
464
720
900
912
911
909
885
368
632
908
905
907
906
904
906
903
904
904
902
899
901
899
898
897
896
893
893
890
874
853
686
465
429
574
803
203
201
199
473
484
217
189
185
184
188
420
397
172
170
168
166
163
161
158
157
155
152
150
148
146
145
146
142
140
138
136
134
133
132
131
127
127
126
125
124
123
122
121
121
120
120
119
118
118
117
116
116
116
115
115
128
115
114
114
115
119
114
112
112
111
110
109
109
108
108
108
107
107
107
107
107
107
107
107
107
107
108
108
108
109
109
110
110
112
113
113
113
113
114
114
115
116
116
117
117
118
119
120
121
122
123
124
125
126
128
131
133
134
136
138
147
151
144
146
149
151
153
156
167
276
400
176
173
176
179
182
183
185
187
190
283
199
200
362
805
212
213
547
878
885
890
893
896
900
901
903
904
855
319
248
288
668
813
905
924
927
928
928
913
806
593
398
302
309
368
421
443
446
441
432
426
444
488
568
668
780
859
866
824
755
669
563
448
356
305
287
283
282
282
282
283
283
283
283
9999
1292
1292
1294
1294
1293
1291
1290
1292
1292
1286
1281
1277
1274
1272
1275
1276
1278
1282
1285
1287
1285
1286
1281
1281
1280
1279
1280
1279
1281
1278
1276
1277
1276
1276
1277
1275
1273
1273
1272
1273
1273
1272
1272
1271
1267
1263
1264
1265
1264
1265
1269
1274
1276
1278
1278
1277
1274
1274
1272
1273
1272
1278
1285
1288
1289
1293
1293
1291
1292
1289
1285
1281
1277
1273
1271
1269
1266
1264
1263
1261
1259
1259
1260
1262
1262
1258
1247
1241
1236
1232
1232
1232
1236
1240
1242
1239
1234
1229
1228
1229
1228
1228
1224
1221
1220
1216
1209
1204
1201
1199
1199
1200
1196
1185
1177
1177
1177
1174
1173
1175
1176
1173
1171
1167
974
765
962
505
504
487
548
479
475
478
467
463
460
459
457
457
459
461
462
463
982
1117
1119
1120
1123
1127
1131
1132
1131
1077
473
473
998
1125
514
473
485
1132
1137
663
846
1026
905
507
576
1103
928
1154
1150
898
510
643
936
779
676
630
509
510
610
519
502
503
500
545
681
556
537
496
497
496
496
498
509
512
498
521
565
731
878
1018
1023
1134
706
642
1068
1159
1155
1153
1006
480
843
1040
770
588
579
790
1087
487
540
441
439
433
432
430
429
779
826
620
884
1093
1087
1086
1086
1082
1077
973
995
1057
661
433
389
386
382
419
1018
543
366
361
399
694
642
879
343
333
328
322
318
430
309
305
302
299
295
294
294
506
308
285
282
280
277
275
272
268
263
255
251
248
244
240
236
232
228
224
221
218
214
211
207
204
201
199
197
288
192
191
189
196
480
234
182
181
180
179
178
236
178
175
174
174
174
175
193
233
325
179
180
489
199
197
186
188
215
859
860
336
362
200
202
205
208
463
879
879
882
882
804
336
246
228
219
220
223
460
290
325
224
225
227
229
371
873
777
534
241
242
244
273
734
760
407
284
921
620
897
894
367
256
257
257
257
258
263
264
265
267
269
271
273
275
277
279
280
281
282
284
285
286
288
289
290
291
291
292
293
293
295
295
296
296
296
296
296
295
295
295
294
294
9999
294
293
293
293
293
292
292
292
291
290
289
289
287
285
285
374
371
281
280
279
278
278
277
276
275
274
274
312
347
552
277
275
275
275
275
275
274
273
272
271
270
268
265
264
264
265
258
258
258
264
258
258
256
254
252
645
256
245
243
241
239
239
239
239
238
237
237
237
237
236
235
234
233
232
232
231
239
389
230
230
230
237
232
234
235
236
238
475
280
243
247
465
846
934
579
266
268
624
946
952
954
818
627
281
278
279
281
441
286
293
293
295
299
309
308
313
318
323
332
964
1015
1022
1027
946
371
1040
1044
1048
1058
1061
1064
1068
1069
1071
1073
1075
1077
1079
1079
1079
1080
1081
1076
1079
1081
1086
1088
1091
1089
1085
1083
1082
1080
1080
1077
1076
1078
1075
1072
1069
1064
1060
1055
834
361
357
354
530
349
344
341
338
336
333
331
329
325
323
321
319
317
315
313
311
309
306
303
300
297
295
292
289
286
283
280
277
273
271
268
265
258
255
252
250
248
246
253
242
240
237
235
233
230
228
225
223
220
219
216
215
213
211
209
207
205
203
202
201
199
198
198
199
198
197
197
197
197
197
205
310
529
203
203
263
193
193
196
833
361
198
196
193
193
192
193
193
191
190
189
190
191
192
193
196
198
198
199
200
203
206
210
255
617
588
862
880
445
277
687
213
220
219
725
542
290
228
229
231
234
237
240
245
249
252
256
263
266
268
270
271
274
281
278
280
282
284
286
289
292
299
573
312
300
302
305
308
311
314
316
319
322
325
329
332
335
345
340
343
346
351
797
826
362
366
370
373
377
381
588
688
894
1082
909
945
1099
1100
1100
1102
1104
1105
1108
1108
1109
1111
1110
1111
1111
1112
1110
1110
880
432
430
433
446
428
426
424
424
424
446
426
608
573
426
529
1104
861
1086
1110
983
439
425
424
423
427
603
575
544
564
427
416
415
414
414
414
414
535
501
415
417
420
423
427
430
432
434
438
777
532
448
472
492
822
592
467
470
474
915
1163
1066
1142
1174
1176
1180
1182
1179
1177
1181
1187
1190
1195
1202
1203
1202
1201
1200
1200
1199
1201
1198
1200
1201
1201
1201
1200
1202
1201
1203
1203
1202
1201
1201
1205
1211
1215
1217
1216
1217
1218
1215
566
536
537
539
583
911
761
880
758
573
556
557
717
929
1030
889
718
776
1214
1238
1250
1248
1252
1253
1255
1255
1259
1264
1266
1267
1265
1261
1259
1264
1270
1273
1279
1285
1285
1286
1287
1286
1285
1285
1285
1284
1284
1284
1284
1282
1282
1280
1279
1279
1280
1283
1287
1288
1287
1287
1286
1287
1288
1287
1287
1284
1283
1283
1281
1279
1280
1280
1280
1278
1278
1280
1278
1276
1273
1273
1270
1267
1266
1271
1275
1279
1279
1274
1265
1258
1254
1252
1252
1254
1254
1253
1250
1248
1246
1243
1241
1202
818
587
555
555
610
684
1221
740
547
644
1176
1216
1108
735
551
709
1139
1197
1108
1147
1221
1220
1221
1219
1219
1219
1217
1215
1213
1212
1211
1207
1200
1197
1198
1192
1191
1186
1193
1192
1189
1097
1176
724
492
737
877
486
483
482
677
512
887
922
485
479
468
467
465
463
482
461
460
460
459
459
459
533
461
1128
491
464
466
467
468
469
839
551
501
473
474
475
599
500
476
475
475
476
476
494
641
886
1009
1165
1168
1170
1177
1176
1175
1173
1173
1177
1181
1189
1193
1189
1187
1189
1192
1194
1197
1197
1199
1199
1198
1200
1200
1200
1200
1201
1203
9999
1203
1206
1209
1211
1212
1212
1211
1210
1204
1202
1203
1209
1215
1218
1221
1223
1218
1213
1212
1211
1212
1213
1214
1213
1216
1215
1217
1217
1218
1217
1217
1220
1221
1221
1220
1221
1217
1216
1213
1210
1206
1204
1202
1204
1209
1214
1214
1210
1207
1203
1199
1198
1197
1197
1197
1199
1195
1195
1193
1187
1181
1178
1173
1167
1160
1154
1154
1153
1157
1157
1154
1152
1158
1163
1114
713
824
1092
794
695
874
1138
1151
1152
1148
1147
1141
1141
1138
1136
1137
1136
1119
540
455
444
495
484
443
619
1087
483
501
619
432
454
439
431
430
431
433
506
1095
1114
1119
1117
1123
1127
1129
1131
1133
1135
1136
1136
1138
1140
1140
1139
1140
1143
1146
1153
1160
1164
1165
1166
1170
1176
1179
1185
1190
1195
1198
1201
1204
1206
1215
1224
1228
1223
1227
1235
1243
1245
1248
1251
1252
1252
1253
1254
1255
1257
1259
1259
1259
1258
1259
1258
1258
1258
1257
1256
1256
1258
1258
1260
1265
1269
1269
1267
1268
1274
1281
1281
1282
1282
1279
1281
1282
1283
1281
1281
1279
1276
1275
1273
1274
1268
1266
1265
1264
1261
1260
1257
1258
1253
1246
1242
1243
1237
1235
1237
1241
1242
1240
1239
1233
1228
1223
1218
1216
1209
1204
1205
1200
1196
1193
1190
1188
1181
1178
1174
1171
1166
1162
1159
1154
1071
995
1034
691
466
504
504
444
468
441
518
921
478
822
764
713
590
415
412
408
404
400
397
390
387
408
766
416
373
369
365
362
359
356
354
351
348
345
342
339
335
332
328
324
320
317
318
318
314
305
303
747
559
290
287
285
284
351
312
283
282
283
284
285
287
288
291
340
798
425
980
944
389
314
572
961
931
642
372
332
337
421
1025
1033
977
926
636
1049
856
473
607
890
857
944
1027
1067
1059
1045
1089
1090
1091
1093
1093
1092
1095
1096
1100
1102
1103
1105
1106
1105
1108
1109
1114
1119
1125
1124
1125
1125
1125
1125
1127
1130
1129
1128
1128
1125
1120
1116
1112
1109
1108
1106
1106
1104
1040
943
993
898
540
422
396
394
397
402
385
384
382
380
379
379
377
375
372
370
368
364
362
418
412
351
347
344
340
336
332
329
324
320
317
314
312
312
307
305
303
301
319
426
292
288
286
283
279
275
272
268
264
255
251
247
243
240
286
241
231
228
225
223
221
219
217
214
212
211
209
208
205
204
202
200
198
194
192
191
190
190
190
189
187
186
185
185
185
185
187
190
191
382
193
194
196
196
197
197
200
203
266
207
209
236
308
213
213
215
217
218
219
220
221
222
224
226
228
230
232
234
236
239
241
243
315
617
425
442
953
928
532
427
822
281
272
307
506
278
361
282
306
449
361
304
298
709
955
926
848
652
549
368
300
301
301
301
301
580
748
406
495
409
607
950
976
976
976
978
983
987
988
989
989
991
990
988
988
986
984
986
984
987
990
989
990
988
987
988
988
987
989
989
987
986
983
983
979
976
972
972
974
974
973
971
971
971
973
973
974
9999
319
319
318
318
318
318
321
328
340
361
380
401
419
433
425
372
325
319
320
330
437
681
835
734
541
385
333
337
372
605
874
975
894
807
761
808
903
975
743
360
589
575
365
315
554
748
637
456
562
307
306
305
315
323
301
300
300
300
300
299
303
358
303
297
296
295
293
291
289
290
372
501
283
282
281
279
384
714
276
334
729
806
840
273
272
279
274
418
285
278
279
281
282
283
284
285
285
286
288
288
289
290
290
290
290
291
291
293
295
296
298
300
302
304
305
308
310
312
316
318
320
321
322
323
414
371
325
326
326
450
676
335
331
462
750
954
952
943
936
936
942
953
969
987
997
998
998
999
999
1000
1001
1000
999
995
992
988
983
981
981
975
969
963
959
954
947
943
942
940
938
940
938
931
925
924
925
925
925
922
913
908
902
898
898
894
835
434
271
268
265
264
263
258
882
893
887
880
781
242
234
229
226
223
344
359
237
217
215
215
214
215
216
217
217
218
218
217
216
216
216
216
326
811
397
217
218
218
219
219
221
223
225
228
230
231
232
234
235
237
240
242
243
246
248
251
253
256
258
263
265
268
271
275
278
281
283
286
290
295
299
302
304
304
306
308
408
772
939
928
918
735
379
334
763
598
306
306
368
692
813
577
305
305
306
306
307
337
333
311
313
316
317
320
320
320
321
322
323
324
325
325
328
329
330
330
331
331
488
847
571
529
331
331
331
331
332
332
333
334
335
336
337
338
338
339
339
339
339
340
340
341
342
343
345
346
347
347
348
348
349
350
351
353
354
355
357
372
519
629
681
667
584
425
359
358
357
357
357
358
365
582
844
835
912
966
971
991
990
849
632
712
653
382
358
377
351
351
352
366
360
348
403
628
671
510
648
862
930
890
888
465
457
941
941
483
841
662
631
732
808
968
969
971
973
972
973
974
974
971
968
966
962
957
953
936
743
476
337
309
308
307
305
304
302
302
450
431
299
299
402
299
302
423
299
301
300
300
300
302
301
300
305
329
303
300
323
650
940
679
313
302
403
463
672
736
451
893
942
943
697
560
504
569
697
450
292
292
291
291
306
306
302
303
294
303
340
406
512
595
653
774
910
930
931
887
614
330
288
288
287
287
287
336
795
892
484
288
287
287
287
288
289
290
291
293
293
296
298
300
403
499
732
486
329
309
328
312
313
322
322
328
318
320
416
388
325
328
331
356
962
976
978
655
346
351
360
355
358
361
364
366
370
603
562
382
581
947
1021
1021
1022
1024
1025
1026
1029
1032
1033
1033
1032
1030
1030
1030
1030
1030
1030
1032
1037
1041
1047
1057
1064
1067
1070
1072
1073
1074
1075
1076
1078
1081
1084
1085
1086
1086
1088
1086
1086
1085
1082
1083
1086
1088
1087
1087
1087
1087
1088
1088
1087
1088
1091
1095
1097
1098
1099
1100
1098
1096
1094
1093
1090
1088
1086
1083
1083
1084
1086
1084
1082
1078
1074
1071
1069
1066
1061
1060
1059
1058
1058
1060
1058
1060
1062
1064
1064
1060
1059
1057
1056
1054
910
404
401
611
1037
1033
971
910
809
1020
757
487
837
504
455
877
990
988
988
956
769
897
961
885
587
357
707
957
951
943
935
928
923
917
914
644
276
270
267
257
251
247
243
238
256
251
227
223
220
217
417
769
667
636
466
450
607
643
491
443
534
746
834
832
783
600
552
639
490
277
293
531
557
310
496
625
711
725
563
707
812
583
471
276
475
286
178
178
179
180
181
181
314
625
831
556
198
184
184
614
797
220
183
183
183
183
379
430
185
185
186
186
188
189
190
191
191
193
199
436
208
202
204
206
221
210
212
215
217
221
345
242
230
233
236
240
243
248
252
269
264
266
448
831
773
499
296
287
291
295
534
557
878
948
952
953
958
880
859
967
972
973
740
983
961
881
999
998
1007
1012
924
579
581
547
1033
1042
1042
1042
1045
1045
1047
1056
1061
1065
1070
1077
1082
1085
1088
1091
1093
1096
1099
1100
1104
1106
1107
1111
1112
1114
1117
1119
1122
1127
1133
1136
1138
1139
1141
1144
1149
1153
1156
1157
1157
1159
1161
1162
1165
1169
1171
1175
1174
1172
1172
1173
1172
1173
1175
9999
1181
1188
1187
1185
1179
1175
1171
1167
1167
1170
1174
1176
1180
1181
1181
1180
1180
1182
1185
1187
1188
1190
1191
1191
1191
1192
1191
1190
1185
1185
1182
1181
1181
1186
1190
1194
1194
1196
1195
1194
1194
1195
1199
1205
1210
1214
1215
1213
1213
1212
1209
1203
1197
1194
1193
1198
1205
1210
1214
1217
1221
1220
1221
1219
1216
1214
1216
1218
1218
1220
1223
1226
1229
1230
1223
1217
1217
1219
1223
1229
1232
1233
1234
1230
1224
1224
1226
1226
1227
1226
1223
1221
1219
1219
1219
1217
1212
1207
1205
1201
1201
1202
1201
1204
1205
1200
1194
1186
1178
1173
1176
1185
1188
1187
1187
1187
1187
1187
1187
1181
1178
1174
1172
1172
1172
1172
1172
1165
1154
1149
1156
1161
1164
1172
1174
1173
1174
1177
1177
1174
1173
1169
1167
1167
1170
1174
1177
1179
1177
1176
1174
1172
1169
1170
1167
1166
1166
1167
1169
1171
1175
1178
1179
1178
1172
1170
1168
1169
1168
1167
1167
1173
1181
1196
1206
1209
1211
1215
1216
1213
1211
1217
1218
1218
1223
1230
1233
1234
1237
1238
1237
1233
1224
1212
1209
1215
1222
1227
1229
1227
1226
1224
1221
1221
1222
1224
1228
1231
1232
1231
1228
1224
1222
1223
1223
1221
1216
1210
1209
1209
1206
1203
1203
1202
1199
1197
1194
1192
1190
1186
1186
1182
1181
1178
1176
1168
1158
1155
1154
1151
1151
1153
1152
1150
1151
1152
1151
1147
1141
1138
1137
1131
1126
1123
1124
1126
1130
1132
1131
1127
1124
1117
1112
1111
1110
1108
1105
1100
1092
1088
1080
1072
1068
1056
918
529
413
409
402
396
388
382
377
373
370
368
365
362
358
354
350
346
343
361
813
900
406
325
321
317
313
311
308
305
307
304
324
298
296
291
287
283
280
276
272
269
267
265
264
263
257
255
254
254
254
254
288
571
433
255
253
253
253
253
253
254
254
254
255
255
255
256
256
257
258
258
263
263
265
266
268
269
271
273
275
278
287
292
295
289
330
380
411
421
310
300
316
304
306
307
368
653
540
314
314
316
318
319
321
323
324
325
328
329
336
334
335
336
338
344
391
438
384
344
346
349
575
559
348
348
348
349
350
401
463
868
976
979
984
538
370
631
744
543
775
790
570
401
472
782
955
1008
1007
1005
1003
1001
1003
1005
1005
1007
1007
1004
1002
1001
997
996
1001
1012
1014
1012
1012
1015
1019
1025
1031
1031
1027
1024
1016
815
413
674
832
838
864
907
953
998
982
741
492
376
799
989
989
910
506
487
360
357
357
356
356
355
355
357
356
356
357
357
414
394
361
707
980
976
881
348
640
870
544
662
871
975
972
967
957
958
954
951
947
946
943
941
935
933
931
925
757
921
916
913
909
828
275
272
269
267
267
267
265
263
258
256
255
255
254
254
255
257
264
266
273
271
272
273
275
276
277
279
280
282
284
285
287
288
289
290
291
293
295
296
298
299
300
302
304
311
309
311
314
317
320
322
324
348
328
329
331
333
336
338
340
342
345
362
563
365
358
402
433
440
549
571
396
390
395
399
404
685
689
435
417
419
422
425
428
431
434
464
494
807
537
447
450
483
457
488
933
845
482
478
482
521
740
931
1122
1129
1133
1135
1138
1141
1143
1150
1153
1154
1154
1156
1158
1162
1161
1162
1164
1167
1173
1178
1179
1181
1187
1189
1191
1194
1199
1204
1208
1210
1210
1213
1212
1211
1210
1208
1205
1207
1208
1208
1208
1211
1212
1217
1223
1224
1223
1219
1215
1215
1215
1212
1208
1205
1204
1200
1198
1197
1196
1196
1194
1196
1195
1193
1190
1188
1180
1174
1172
1177
1181
1186
1190
1191
1188
1187
1188
1191
1200
1209
1216
1222
1220
1216
1215
1214
1215
1217
1217
1221
1220
1218
1213
1207
1207
1210
1211
1211
1209
1204
1198
1194
1191
1185
1175
1170
1169
1171
1176
1178
1177
1176
1119
634
545
542
640
709
595
540
538
595
552
547
530
530
533
1152
1164
1162
1152
1147
1147
1147
1149
1150
1149
1152
1156
1155
1154
1153
1151
1152
1155
1155
1153
1155
1158
1157
1159
1162
1165
1169
1173
1173
1174
1181
1185
1180
1176
1174
1167
1163
1160
1161
1171
1181
1185
1182
1180
1177
1175
1176
1176
1176
1177
1177
1179
9999
1180
1181
1179
1175
1171
1163
1158
1157
1160
1158
1150
1141
1131
1124
1119
1115
1113
1115
1115
1115
1113
1112
1113
1117
1123
1123
1122
1122
1124
1123
1119
1111
1108
1107
1105
1102
1100
1100
1097
1093
1089
1088
1086
1085
1082
1083
1079
1072
1067
1060
1047
1043
1041
1043
1043
1041
1032
1022
1013
1006
999
994
988
813
361
356
415
746
339
334
325
320
329
311
307
302
296
389
359
281
276
273
269
266
263
256
254
253
253
302
288
423
812
830
548
707
871
870
860
373
383
585
853
880
880
884
899
906
900
899
899
896
893
893
898
899
476
446
465
270
329
436
279
280
283
284
326
317
287
427
903
931
927
927
832
375
548
841
306
307
309
314
348
319
319
322
325
337
350
336
376
338
593
582
347
837
993
684
474
549
469
802
903
981
991
997
997
999
1000
822
419
409
610
686
979
873
890
677
671
911
585
667
444
432
434
438
447
443
509
482
475
463
467
470
474
476
486
717
687
509
495
606
1045
1133
1135
1136
1137
1135
1131
1133
1137
1141
1144
1143
1142
1146
1145
1136
1133
1134
1132
1132
1132
1134
1135
1138
1143
1146
1152
1159
1169
1185
1197
1197
1194
1199
1197
1193
1189
1182
1176
1176
1176
1176
1173
1169
1167
1167
1168
1172
1173
1180
1187
1187
1189
1195
1193
1191
1193
1191
1182
1177
1173
1169
1168
1172
1178
1178
1168
1159
1155
1159
1165
1173
1179
1181
1182
1185
1179
1170
1166
1166
1160
1155
1150
1153
1155
1157
1161
1166
1168
1168
1167
1170
1174
1171
1162
1154
1145
1142
1147
1155
1161
1167
1173
1174
1176
1180
1179
1180
1181
1189
1191
1195
1201
1207
1212
1213
1212
1213
1213
1207
1198
1201
1215
1225
1225
1223
1224
1223
1226
1232
1235
1235
1236
1236
1235
1240
1237
1236
1236
1240
1245
1248
1256
1258
1259
1259
1256
1252
1250
1245
1239
1232
1221
1205
1194
1185
1181
1176
1174
1170
1167
1166
1167
1164
1165
1164
1162
1160
1161
1160
1160
1161
1156
1156
9999
1206
1206
1203
1205
1206
1203
1204
1203
1203
1205
1206
1201
1199
1197
1197
1194
1194
1194
1192
1192
1190
1176
1011
907
963
1085
1159
1099
1059
1124
1172
1169
1140
1080
829
639
565
517
515
519
515
770
1140
1154
1152
1152
1152
1147
1138
1131
1129
1127
1128
1129
1129
1124
1123
1090
1023
1086
1099
1096
1099
999
888
953
909
675
674
712
565
468
482
596
968
1103
1096
1087
1082
1078
1072
896
425
412
408
405
655
1023
899
396
388
386
630
713
759
410
382
388
965
900
1001
521
373
374
405
496
369
374
368
368
368
367
367
367
368
369
374
375
373
387
1002
1005
1005
1005
1004
934
533
455
906
874
716
481
385
390
554
847
593
385
385
384
384
384
411
385
440
639
709
650
420
399
387
387
389
390
391
395
395
397
398
399
401
403
404
404
405
405
405
407
407
409
410
411
732
1033
1033
1034
1033
1032
1031
1031
1027
1027
1029
1031
1033
1033
1031
1032
1033
1032
1033
1037
1036
1036
1036
1037
1040
1041
1040
1038
1035
1035
1033
1030
1030
1029
1029
1030
1030
1032
1028
759
449
494
563
489
406
404
403
403
408
425
413
402
400
399
399
398
397
397
396
396
395
405
485
590
597
529
684
806
588
391
385
434
425
381
385
378
386
382
424
370
401
441
967
1001
980
383
360
665
505
357
355
474
701
397
349
347
346
346
344
344
386
342
342
342
341
371
444
351
339
339
338
338
447
338
494
353
334
332
332
332
352
339
334
434
891
389
336
337
339
492
955
955
959
961
961
964
966
971
975
976
974
978
984
983
986
989
993
997
998
998
998
995
992
990
987
982
980
981
984
988
969
941
812
695
573
404
384
423
536
517
363
361
373
557
451
361
387
358
356
355
355
354
353
353
352
351
349
447
877
858
505
345
342
341
344
389
336
334
333
366
423
333
329
328
325
323
322
320
319
318
316
323
313
311
309
308
306
304
302
304
328
313
402
360
297
294
293
292
291
290
289
288
286
284
283
328
312
276
274
271
269
267
290
406
414
254
251
247
250
273
322
240
232
228
224
220
217
214
211
209
207
204
202
200
197
194
192
190
188
199
187
183
181
180
179
178
177
176
176
175
173
172
170
169
167
166
165
163
162
161
9999
159
158
157
156
155
154
154
154
154
154
152
150
149
148
147
147
147
146
146
146
146
145
145
145
144
143
143
141
141
141
140
139
139
139
139
174
139
140
141
143
145
149
152
157
161
163
164
165
166
264
280
424
171
174
176
179
182
186
190
196
434
254
232
295
461
208
210
213
217
391
450
273
235
239
242
379
861
685
270
255
258
265
270
760
879
679
399
278
279
281
326
317
348
422
300
289
291
294
299
473
461
328
367
340
483
401
372
320
323
326
329
332
334
338
438
347
340
340
342
344
347
354
371
399
357
359
362
364
550
1011
883
413
369
370
370
450
645
440
388
401
478
559
412
373
373
374
374
470
610
509
401
373
373
453
569
375
371
376
414
378
586
983
574
867
1003
1001
1001
1001
1000
981
779
366
365
364
362
361
359
358
357
356
355
354
353
352
351
350
348
346
344
342
342
364
351
334
331
328
323
320
318
314
311
311
594
353
297
293
288
305
282
277
272
268
264
257
254
250
245
242
240
238
235
233
230
228
225
256
219
216
214
271
208
206
228
454
270
192
189
186
183
181
179
178
177
175
173
171
170
169
169
167
165
164
164
162
162
162
162
160
159
158
156
154
152
151
150
149
147
147
146
146
145
145
206
146
147
147
447
631
161
153
156
159
162
163
164
249
401
212
168
169
170
172
173
175
178
181
183
186
188
198
192
194
199
203
208
213
217
221
224
228
232
237
242
246
249
252
255
258
265
268
272
275
278
281
284
286
288
292
295
298
302
306
310
315
319
323
329
333
338
343
863
981
358
369
976
1008
1012
990
445
513
439
413
803
1015
1016
1021
1025
1029
1031
1034
1037
1037
906
669
961
855
595
433
424
655
1062
1063
1064
1066
1066
1068
1066
1067
1067
1065
1067
1063
1058
1058
1058
1059
1061
1063
1063
1062
1063
1061
1059
1057
1054
1047
1045
1044
672
687
938
778
734
869
1037
689
418
426
864
663
839
1024
1021
1020
1017
816
678
850
974
903
828
634
388
374
372
369
366
363
453
363
355
354
352
349
348
674
986
980
975
677
330
326
322
563
332
329
311
309
307
305
303
300
315
295
292
288
284
281
318
274
271
267
263
255
251
248
268
241
238
234
231
227
225
222
272
215
212
210
207
205
205
200
198
196
193
191
187
185
183
180
178
175
172
169
166
162
159
156
153
150
149
147
146
143
202
140
134
131
125
153
117
126
169
110
109
108
109
110
171
111
114
117
121
220
135
126
131
136
138
143
147
154
160
167
176
232
465
203
210
218
270
543
648
644
518
493
772
923
926
928
411
305
309
314
320
325
410
600
340
343
346
350
352
356
414
710
550
660
967
961
967
1019
1020
1022
1021
1002
648
382
375
374
482
1021
1024
1021
1018
1019
884
861
777
469
365
363
361
360
358
384
818
926
965
991
743
409
350
348
346
344
342
341
339
337
335
332
329
326
324
321
355
739
837
563
353
303
305
751
303
298
300
293
292
291
290
289
288
288
288
313
344
285
283
282
287
282
277
275
273
271
269
267
265
263
257
255
253
250
248
246
243
241
238
236
233
230
227
225
264
230
220
217
215
212
208
206
204
200
196
192
189
184
180
175
170
167
164
159
156
153
151
149
148
146
146
146
144
142
142
141
142
143
145
147
150
154
161
167
171
174
176
179
184
188
193
199
204
208
213
218
222
226
230
236
240
243
248
253
256
265
297
593
281
286
539
692
300
301
900
953
955
959
962
965
971
973
975
974
975
979
983
988
994
1001
1008
1012
1017
1021
1024
1028
1030
954
630
413
535
514
395
485
970
749
565
861
695
428
405
575
409
411
414
416
496
1065
1078
1083
1082
1082
1078
1073
1074
1072
1070
1072
1079
1084
1084
1084
1087
1086
1086
1087
1083
1078
1083
1091
1094
1095
1098
1102
1101
1100
1101
1099
1096
1094
1098
1100
1099
1101
1108
1110
1110
9999
1113
1114
1114
1117
1120
1117
1114
1112
1108
999
584
451
476
457
442
430
612
500
418
415
415
466
1048
511
1029
1062
696
589
399
396
414
628
935
892
619
383
394
437
373
369
365
361
357
365
560
540
342
337
334
331
329
324
322
320
318
317
315
313
312
311
309
308
306
305
304
303
301
300
300
296
294
290
288
285
282
278
275
273
270
267
264
258
255
251
248
244
240
237
235
233
231
229
227
224
222
220
218
217
215
214
212
210
208
205
203
201
199
197
194
192
190
187
185
183
180
178
177
175
173
172
171
171
171
171
170
169
169
169
169
169
170
171
172
173
173
174
175
177
180
183
186
189
371
589
201
732
628
307
214
219
534
251
230
821
475
570
766
636
304
254
256
269
550
272
275
279
698
940
944
773
369
300
303
313
311
315
319
324
338
339
478
355
655
1000
910
571
403
377
379
409
387
418
406
726
1028
1080
1076
1069
1062
1063
1069
1070
1072
1072
1071
1076
1076
1074
1081
1085
1083
1083
1084
1087
1088
1092
1096
1094
1098
1099
1101
1108
1103
1097
1097
1091
1087
1081
1078
1078
1074
1070
1065
1066
1064
1059
1060
1065
1066
1069
1071
1069
1071
1068
1065
1064
1066
1069
1066
1063
1065
1061
1059
1059
1060
1058
1041
766
803
644
1005
440
382
378
376
491
429
400
372
361
357
354
350
347
344
339
336
440
746
728
326
412
371
312
309
305
302
346
298
292
288
285
283
280
278
277
275
272
270
268
265
263
257
255
253
251
249
247
245
243
241
238
236
234
231
228
227
461
322
336
221
219
234
220
212
210
208
206
206
329
353
235
216
208
206
204
202
201
200
199
200
201
203
206
207
209
209
210
211
212
211
213
214
216
228
220
222
223
224
226
227
229
232
234
237
242
246
250
256
265
268
273
278
298
287
292
298
303
308
313
336
331
328
333
338
344
350
355
406
926
1022
1026
1032
1035
1037
1040
1044
1048
1058
1063
1066
1067
1070
1077
1079
1081
1084
1083
1085
1086
1083
1082
1083
1081
1082
1085
1084
1084
1084
1086
1088
1090
1093
1091
1093
1097
1098
1097
1101
1102
1103
1101
1099
1098
1101
1100
1099
1102
1103
873
443
443
444
434
432
431
430
429
428
428
426
426
425
425
424
423
423
422
421
419
417
437
414
412
410
408
412
423
424
416
398
395
394
390
389
388
387
387
386
386
385
385
383
382
380
378
375
372
370
366
362
359
356
353
350
348
345
342
340
338
348
334
333
332
331
330
329
329
326
326
325
324
323
322
322
320
319
318
317
315
313
417
338
310
309
308
307
316
574
307
379
301
299
298
295
293
292
289
288
287
764
310
282
281
279
278
281
275
335
299
268
268
267
266
266
547
546
267
267
269
270
272
347
850
927
926
928
929
929
928
927
927
929
932
934
935
935
937
938
935
934
930
931
869
753
827
911
617
292
268
266
265
264
263
258
256
255
254
251
249
248
246
244
243
241
240
238
237
236
234
232
230
227
225
223
221
219
217
215
214
9999
407
407
409
415
413
400
419
581
888
1082
1045
559
547
713
1089
843
415
428
455
426
908
1119
1123
1127
1124
1127
1132
1133
1135
1140
1138
1139
1143
1145
1148
1152
1152
1157
1155
1161
1165
1167
1168
1171
1175
1175
1180
1187
1181
1188
1194
1197
1202
1205
1210
1215
1216
1217
1222
1225
1229
1227
1227
1228
1226
1227
1226
1223
1224
1227
1227
1227
1226
1225
1227
1232
1231
1231
1232
1235
1237
1237
1236
1237
1237
1236
1236
1236
1234
1232
1233
1234
1235
1234
1236
1237
1240
1241
1241
1243
1242
1242
1242
1244
1246
1247
1251
1256
1261
1263
1266
1270
1270
1268
1268
1269
1268
1266
1266
1266
1263
1260
1263
1264
1264
1264
1262
1260
1264
1265
1266
1268
1270
1274
1278
1281
1285
1282
1281
1280
1274
1278
1276
1273
1275
1277
1275
1274
1273
1271
1269
1267
1268
1267
1270
1273
1275
1278
1280
1281
1280
1276
1272
1270
1267
1264
1263
1262
1264
1264
1261
1257
1262
1265
1264
1261
1260
1258
1258
1259
1258
1257
1254
1255
872
601
988
1244
1240
1238
1238
1236
1233
1233
1232
1233
1232
1232
1230
1226
1225
1218
736
518
513
516
554
512
507
508
992
683
511
511
667
910
1099
1220
1220
1218
1219
1220
1218
1213
1210
1209
1208
1207
1202
1199
1198
1196
1195
1192
1189
1189
1189
1186
1181
1180
1173
1169
1167
1165
1084
799
965
1157
1012
600
463
461
482
553
475
451
449
503
445
442
440
443
440
438
436
434
432
430
428
427
426
425
425
426
426
426
426
426
427
533
716
752
807
719
505
531
619
436
437
598
1066
1134
1137
1139
1141
1141
1143
1143
1146
1148
1149
1146
1147
1149
1148
1147
1143
1144
1144
1144
1141
1143
1143
1131
686
447
442
442
462
969
1136
1136
1138
912
724
1108
1141
1031
474
451
628
858
635
559
867
1148
1149
1152
1155
1157
1159
1162
1164
1167
1171
1172
1175
1177
1178
1176
801
529
956
1181
1176
1104
895
744
1004
975
1127
974
733
509
921
1158
1156
1152
1151
1153
1154
1154
1154
1151
1151
1148
1149
1146
1143
1141
1137
1139
1141
1139
1137
1140
1135
1135
1135
1131
1127
1125
704
641
629
425
420
436
715
421
421
422
438
529
421
420
420
420
420
421
422
422
424
424
426
428
540
1123
1114
1141
1141
1143
1142
1142
1141
1141
1141
1138
1139
1140
894
565
1000
1142
1145
1149
1147
1147
1150
1149
1149
1145
1144
1141
1137
1138
1134
1133
1132
1131
1132
1132
1127
1125
1116
1113
1114
1110
1112
1110
1109
1109
1101
1058
1113
1111
1108
1104
1102
1101
759
484
504
378
986
412
363
358
352
348
700
476
1003
487
420
328
883
396
446
934
715
367
304
302
299
298
300
694
939
890
345
292
290
326
290
287
287
287
287
287
287
288
288
289
291
292
294
438
362
562
896
561
306
487
309
310
311
314
331
653
382
448
915
1013
1013
1015
996
726
497
421
855
820
565
887
1023
1024
1021
1025
1028
1030
1020
622
456
357
355
358
361
365
369
379
375
379
383
386
398
442
399
559
1088
1112
1117
1121
1120
1125
1128
1132
1133
1135
1137
1138
1142
1144
1144
1146
1151
1150
1147
1150
1151
1154
1156
1156
1157
1159
1160
1160
1160
1162
1160
1161
1157
9999
1158
1158
1156
1154
1151
1149
1147
1148
1147
1143
1137
1133
1128
1126
1126
1126
1125
1127
1126
1127
929
427
449
911
1117
1098
1091
958
1009
883
487
1012
1119
1022
1016
890
420
630
1109
1107
1107
1105
1104
1108
1105
1101
1097
1095
1094
1091
1089
1082
1078
1076
1075
1076
1072
1066
1028
933
368
349
346
343
340
338
335
333
330
325
322
317
313
309
305
301
297
291
287
282
277
273
270
268
271
257
253
251
387
246
244
242
268
240
239
237
235
233
232
230
228
235
229
267
517
387
224
220
219
217
216
215
214
213
212
212
212
212
212
212
213
214
215
216
216
217
217
218
219
220
221
224
227
228
245
234
237
239
242
243
246
247
249
252
254
257
263
266
268
272
665
542
298
285
440
357
295
644
325
297
300
333
956
1008
1011
1017
1017
349
332
650
1023
1024
1029
1031
1034
1038
1039
1045
1048
1055
1057
1059
1060
1061
1062
1064
1062
1062
1061
1061
1060
1058
838
354
352
635
960
675
1007
1048
881
432
690
1045
1045
1041
852
349
345
344
342
341
339
338
337
336
335
334
333
333
332
331
329
326
325
324
324
324
324
622
859
779
438
382
330
325
354
975
1018
1021
1022
1022
1019
1017
1017
1013
1014
662
653
1013
1014
1011
1012
1013
1010
1008
1009
996
1006
1006
790
307
305
425
361
299
296
295
293
290
289
286
283
280
277
274
271
268
264
257
254
251
247
244
241
237
234
231
229
228
227
249
276
226
226
226
226
226
227
227
228
229
230
230
285
232
233
234
470
354
274
761
726
376
688
905
315
246
247
249
250
252
254
255
257
263
264
265
267
270
292
278
273
275
278
293
907
967
972
914
359
942
983
983
984
988
990
993
871
552
736
554
761
857
760
778
398
772
439
538
850
1008
1011
1013
968
699
562
347
349
593
442
355
383
707
360
362
613
963
1064
1068
1064
1065
1063
1061
1062
1061
1061
1059
1055
1047
1047
1042
1040
1038
1036
1035
1030
1016
1017
1012
1013
1012
1013
1015
1013
537
319
317
316
315
328
368
314
311
311
310
309
307
306
312
948
882
302
300
299
298
326
340
297
296
296
296
296
297
298
469
495
329
313
829
848
380
308
378
514
412
307
307
602
310
307
306
308
309
519
516
440
355
334
515
804
510
320
320
391
424
362
328
330
332
354
434
382
440
951
1034
1036
1016
959
947
838
633
450
441
625
696
552
379
497
381
431
1027
861
452
390
391
395
397
398
399
402
402
404
407
409
411
413
415
417
436
690
435
1006
1126
1126
1127
1132
1133
1134
1134
1133
1134
1133
1133
1133
1135
1135
1135
1136
1134
1132
1133
1133
1130
1131
1127
1126
1122
1119
1113
1110
1109
934
766
885
714
475
779
910
653
578
913
962
1088
1088
1011
1029
912
943
1064
1090
1090
1088
1087
1088
1088
1089
1092
1094
1094
1094
1093
1090
1088
1084
1082
1078
1074
1074
1073
1072
1071
1069
1066
1063
1060
1057
1058
1055
1048
1047
1046
1045
1045
1041
1041
1039
1038
1034
998
979
888
1006
998
509
330
328
324
321
352
360
351
428
400
303
300
296
294
291
288
286
284
283
284
283
283
284
284
292
644
599
531
283
472
978
948
978
978
665
293
289
291
294
296
299
544
306
302
368
556
343
357
312
314
318
358
454
332
326
328
330
332
334
603
957
818
923
934
892
450
346
347
349
403
639
412
357
357
499
653
473
424
431
520
773
601
379
377
585
915
927
691
481
389
387
386
388
443
533
661
571
460
400
390
391
390
390
9999
391
390
390
390
391
391
394
412
432
472
551
552
606
746
885
1014
1090
1098
1085
1047
1016
972
938
921
911
868
778
693
625
558
477
419
431
503
563
545
502
492
466
454
409
399
605
992
650
896
584
385
439
1075
1074
1079
1087
1085
1095
1048
1105
1109
1112
1116
1119
1117
1122
1126
1126
1119
1119
1124
1122
1124
1131
1133
1130
1131
1134
1137
1136
612
764
749
1087
632
693
1135
1142
1142
1146
1145
1144
1145
1147
1148
1152
1152
1153
1151
1153
1155
1155
1155
1155
1157
1160
1161
1159
1160
1162
1157
1155
1158
1159
1161
1162
1163
1161
1159
1163
1164
1161
1160
1163
1159
1158
1157
1157
1158
1159
1159
1158
1159
1158
1159
1165
1170
1167
1164
1159
1156
1158
1159
1161
1160
1160
1162
1164
1164
1164
1167
1168
1170
1170
1167
1168
1166
1164
1164
1161
1160
1163
1165
1169
1172
1171
1169
1170
1168
1167
1171
1173
1174
1175
1174
1176
1176
1173
1170
1171
1169
1168
1166
1162
1162
1161
1159
1158
1158
1156
1155
1157
1158
1157
1158
1155
1153
1156
1153
1097
569
801
1084
1078
1148
1150
1152
1154
1154
1153
1151
1151
1147
1145
1092
728
480
640
856
1120
1000
607
440
500
489
506
434
433
432
431
467
617
749
438
547
706
509
431
672
641
888
1039
1123
1123
1126
1126
1128
1131
1132
1133
1135
1135
1133
1131
1132
1132
1136
1142
1140
1140
1143
1147
759
862
484
781
950
668
549
467
469
473
678
1169
1170
1173
1173
1174
1179
1179
1180
1185
1187
1188
1192
1195
1193
1197
1198
1200
1204
1209
1212
1214
1214
1219
1222
946
531
539
743
535
537
545
859
598
586
564
553
549
705
1095
1070
1238
994
622
1245
1253
1259
1263
1265
1270
1273
1273
1274
1274
1273
1277
1282
1279
1283
1286
1286
1287
1287
1286
1288
1290
1286
1287
1282
1287
1290
1284
1285
1287
1287
1285
1286
1286
1285
1286
1291
1294
1296
1299
1300
1301
1300
1299
1297
1296
9999
443
443
442
442
443
442
441
441
441
442
443
443
443
442
447
508
658
791
763
580
519
463
439
537
541
462
629
761
781
733
733
992
1081
1083
1083
1078
1078
1079
1079
1083
1087
1087
1088
1091
1090
1087
1093
1094
1093
1095
1095
1096
1099
1100
1100
1102
1097
1094
1091
1090
1092
1094
1098
1099
1096
1092
1089
1088
1090
1090
889
544
768
435
431
466
529
433
432
434
434
435
549
436
436
437
437
437
550
980
448
625
482
448
584
1105
1111
1112
1115
1114
1114
1110
1107
1106
1108
1109
1113
1119
1122
1123
1122
1122
1121
1119
1115
1115
1113
1114
1106
1101
1099
1095
1088
1087
1086
1086
1090
1088
1082
1080
1078
1078
1077
1078
1082
1084
1088
1088
1092
1089
1086
1082
1082
1079
1076
1075
1074
1070
1069
1067
1061
1057
1054
1044
1036
1033
1025
1018
1013
1011
405
355
403
347
345
343
341
340
635
589
372
494
715
869
960
977
978
975
969
962
967
807
336
317
315
314
314
320
308
306
304
302
301
300
299
297
297
296
295
295
297
293
292
510
640
521
305
291
288
288
287
294
310
287
287
287
287
287
287
287
287
307
288
290
292
293
451
304
299
300
300
300
302
304
307
310
313
369
363
340
324
323
329
385
447
467
454
411
352
321
320
322
323
321
321
320
320
329
372
466
589
724
811
880
949
962
960
956
959
955
953
951
953
952
942
962
964
875
533
335
502
465
339
335
336
337
338
340
343
344
355
355
459
613
816
984
987
990
990
998
1003
1001
1003
1007
1003
1004
1008
1011
1016
1018
1018
1020
1019
1019
1022
1022
1022
1022
1021
1019
1013
1005
996
994
1000
998
998
1001
999
999
1000
1001
1000
1002
1004
1007
1006
1006
1008
1009
1011
1013
1014
1012
1012
1013
1014
1013
989
909
782
9999
1049
1049
1054
1055
1049
1054
1056
1037
977
860
687
503
386
379
378
394
445
508
390
372
371
370
371
642
387
365
364
363
362
361
360
359
358
358
363
355
355
354
353
351
351
349
348
351
348
349
349
349
349
349
349
348
348
348
347
346
345
343
341
340
339
409
336
463
802
336
333
448
770
717
949
966
970
973
975
979
978
980
897
388
334
447
543
334
335
433
336
337
339
619
893
700
361
578
981
980
977
978
826
437
490
984
636
385
563
344
353
348
544
858
688
344
342
343
344
344
345
351
347
348
349
351
352
353
354
356
358
361
362
370
399
368
370
372
417
527
692
394
424
1043
1049
1061
1070
1072
1076
897
990
1025
471
1058
945
1086
1089
1089
1088
1087
1092
1095
1098
1101
1101
1100
1099
1096
1093
1090
1088
1087
1088
1089
1086
1087
1087
1086
1086
1089
1089
1088
1086
1085
1082
1079
1080
1075
1073
1071
1070
1070
1067
1063
1055
616
473
532
402
1021
939
510
799
1026
1023
1019
589
875
605
390
365
462
404
357
355
352
349
346
343
340
337
334
331
343
326
324
322
321
319
317
315
313
312
345
318
309
307
306
304
302
324
306
297
295
292
292
291
295
285
279
276
273
270
267
264
257
255
253
251
250
248
247
246
246
254
314
241
239
238
236
235
235
234
233
233
232
231
231
231
231
231
232
232
232
232
233
234
234
235
236
236
236
236
236
236
236
236
237
236
237
237
237
237
238
239
240
241
242
243
244
245
246
248
250
251
253
254
256
263
267
453
589
906
929
928
929
931
935
935
938
944
943
945
917
403
737
954
960
832
634
319
449
972
978
982
986
989
998
1001
1005
1008
1014
1016
1022
1022
1025
1028
1029
1028
1032
1036
1040
1044
1048
1054
1058
1059
1059
1059
1063
1062
1061
1067
1066
1064
1060
1057
1056
1055
1058
1060
1058
1054
1054
1046
1032
702
440
593
674
549
539
407
390
390
389
388
387
389
385
391
382
380
378
395
391
400
382
376
495
372
364
621
1000
1003
673
356
394
351
346
343
341
339
337
335
343
360
329
323
321
318
314
311
308
304
301
298
295
293
290
287
284
282
279
277
275
273
272
271
270
269
267
265
263
257
256
254
252
250
248
246
243
240
238
236
232
229
226
225
224
222
222
221
220
219
219
218
218
219
220
221
222
229
227
227
231
235
235
237
239
242
244
247
248
250
253
256
263
267
269
273
277
281
284
287
290
293
296
299
303
306
309
312
315
318
322
325
329
332
339
340
344
348
352
386
947
1019
1024
943
907
1031
1034
1037
1041
1042
1045
1048
1048
1055
1060
1065
1071
1075
1078
1079
1078
1085
1090
1090
1088
1087
1087
1088
1088
1089
1092
1091
1091
1094
1091
1090
1093
1097
1099
1102
1105
1106
1107
1109
1108
1107
1107
1106
1108
1105
1103
1102
1100
1097
1094
1089
1086
1086
1088
1090
1088
1087
944
427
460
927
624
419
416
415
413
414
432
408
446
449
401
398
396
617
836
500
397
380
376
372
368
365
363
361
394
355
354
352
351
355
349
359
402
346
342
340
337
335
333
331
329
326
323
321
319
317
316
314
312
310
309
308
307
306
306
304
303
302
301
299
299
298
297
296
296
295
295
295
294
294
293
293
292
292
291
291
291
291
310
686
295
294
295
366
299
298
299
300
301
303
304
306
308
309
310
312
314
315
372
344
352
317
318
320
321
323
325
328
331
335
337
344
344
344
351
374
353
453
753
378
453
368
371
439
486
495
542
391
387
443
718
562
539
776
945
869
1001
675
916
1034
963
1032
1071
1070
1066
1073
1073
1074
1078
1080
1081
1081
1087
1087
1088
1091
1089
1087
1088
1088
1086
1084
1083
1087
1088
1089
1093
1092
1089
1094
9999
1097
1099
1103
1105
1105
1107
1110
1113
1114
1108
1105
1105
1106
1104
1101
1104
1102
1100
1103
1098
1092
1089
1089
1086
1081
1080
1077
1074
1075
1078
1078
1076
1081
1078
1075
1075
1071
1064
1065
1063
1063
1060
1054
1042
1040
1036
1027
1024
1020
1021
1024
1020
1013
1008
1002
998
992
986
979
969
963
398
694
284
278
270
264
337
916
437
241
236
233
231
441
793
317
223
220
218
217
215
214
212
211
216
216
209
210
828
276
619
860
859
858
858
777
203
200
199
198
199
200
200
249
200
199
200
340
291
363
825
554
540
863
863
863
865
859
252
202
202
201
374
255
578
206
202
202
202
203
204
221
207
209
212
219
241
214
330
699
667
229
217
216
218
220
263
304
234
236
607
885
900
904
907
866
348
243
266
247
370
814
531
256
256
258
263
265
316
308
507
275
277
279
280
295
287
286
288
291
293
295
297
299
301
304
385
350
317
314
443
407
774
596
424
323
366
353
324
324
325
328
329
330
331
332
333
334
335
360
552
809
992
613
351
363
720
386
336
336
337
340
340
540
937
481
348
609
969
1026
1026
635
350
349
349
349
349
349
350
351
353
354
355
457
884
1027
1029
1032
1031
1032
1035
1034
1035
1037
1040
1041
1041
1042
1041
1042
1046
1044
1040
1040
1038
1034
1033
1036
1033
1032
1032
1032
1033
1035
1036
1036
1037
1037
1034
1032
660
348
343
340
335
331
328
322
318
314
311
313
305
346
702
536
289
284
282
275
271
267
263
256
251
249
246
244
242
241
318
238
246
350
231
230
227
227
227
226
479
225
225
224
224
224
224
225
226
227
228
229
230
231
233
235
237
239
241
243
245
248
251
254
258
266
280
274
278
376
410
290
318
861
972
942
321
310
313
334
927
794
333
337
340
345
349
352
356
360
365
368
371
375
659
958
442
394
398
402
408
412
417
636
1043
1098
1104
1110
1116
1122
1130
1135
1141
1143
1146
1149
1152
1154
1159
1160
1164
1167
1172
1174
1177
1178
1181
1189
1197
1202
1206
1209
1214
1220
1224
1228
1225
1229
1228
1226
1230
1228
1231
1232
1235
1234
1235
1233
1231
1231
1229
1228
1229
1234
1235
1234
1233
1228
1229
1229
1230
1229
1229
1231
1229
1229
1229
1231
1229
1226
1225
1223
1222
1218
1216
1214
1209
1208
1205
1200
1198
1192
1187
1185
1179
1176
1169
1168
1168
1166
1164
1152
1005
551
476
472
470
509
868
460
451
447
667
528
679
480
1041
964
554
413
409
405
400
396
390
387
384
381
378
375
374
372
369
368
366
364
362
360
359
357
356
355
353
351
349
347
345
343
342
341
341
340
341
341
341
341
342
342
343
345
533
678
551
381
354
356
358
360
362
365
368
645
373
376
380
835
1072
973
598
903
1089
1088
1091
1094
1095
1095
1096
1095
1096
1098
1096
1094
1097
1100
1100
1102
1101
1100
1099
1101
1101
1099
1101
1104
1105
1105
1105
1103
1104
1104
1098
1097
1101
1003
728
530
558
636
649
625
538
454
424
420
418
416
416
414
414
414
413
9999
1210
1209
1210
1211
1212
1211
1212
1212
1215
1218
1218
1223
1224
1229
1232
1235
1234
1236
1237
1237
1236
1233
1234
1236
1233
1234
1234
1233
1232
1230
1229
1231
1229
1228
1226
1228
1227
1234
1239
1243
1247
1254
1257
1260
1259
1260
1261
1261
1259
1258
1261
1258
1258
1261
1258
1258
1261
1261
1260
1261
1262
1263
1262
1263
1260
1258
1256
1257
1260
1257
1254
1254
1254
1251
1247
1245
1246
1245
1243
1242
1240
1241
1246
1252
1256
1259
1258
1255
1254
1253
1251
1248
1248
1246
1245
1247
1250
1246
1248
1250
1252
1245
650
872
1122
1147
838
611
1257
1259
1259
1264
1264
1264
1264
1265
1264
1261
1264
1263
1263
1262
1262
1257
1255
1252
1247
1244
1242
1248
1247
1245
1246
1247
1250
1253
955
1178
1250
1236
855
834
1239
1154
661
711
1192
1258
1260
1254
1253
1251
1251
1253
1254
1256
1258
1258
1263
1264
1265
1268
1266
1266
1266
1267
1264
1266
1267
1268
1275
1277
1282
1285
1287
1291
1293
1292
1291
1291
1293
1293
1291
1291
1291
1293
1294
1291
1290
1289
1288
1288
1288
1288
1289
1289
1290
1292
1292
1293
1294
1293
1293
1297
1303
1309
1317
1319
1319
1311
1309
1309
1310
1306
1303
1301
1302
1303
1305
1304
1303
1303
1299
1297
1295
1293
1291
1291
1290
1289
1293
1299
1302
1304
1302
1303
1303
1299
1298
1299
1298
1302
1300
1298
1297
1292
1289
1288
1284
1285
1281
1280
1278
1280
1280
1281
1278
1273
1271
1268
1270
1269
1269
1269
1267
1272
1272
1276
1276
1274
1272
1270
1268
1263
1265
1265
1265
1265
1263
1264
1264
1263
1262
1261
1257
1254
1253
1253
1251
1247
1248
1247
1246
1247
1251
1251
1253
1253
1252
1252
1253
1253
1251
1251
1246
1250
1248
1250
1245
1245
1244
1241
1240
1239
1238
1236
1236
1235
1235
1232
1229
1226
1223
1223
1222
1225
1225
1225
1221
1219
1223
1226
1230
1236
1234
1232
1232
1229
1225
1222
1221
1221
1221
1223
1221
1221
1219
1217
1215
1213
1212
1213
1211
1208
1207
1208
813
1204
1204
1203
537
577
602
550
1124
1200
1198
1199
1199
1196
1194
1192
1192
1190
1188
1187
1185
1181
1179
1175
1172
1169
1166
1162
1159
1160
1162
1003
1143
1158
905
697
587
890
1038
527
475
474
474
475
474
474
475
477
477
504
600
520
482
488
512
643
485
474
474
473
471
470
469
468
749
1133
802
490
463
463
461
612
1044
642
457
456
455
457
598
701
761
574
463
463
463
463
464
465
465
465
466
466
466
466
466
466
465
469
465
465
465
465
464
465
465
466
577
930
707
745
1039
1142
1142
1145
1145
1144
1142
1140
1140
1140
1138
1137
1139
1138
1137
1136
1135
1134
1134
1135
1134
1133
1129
1126
1125
1123
1122
1119
1115
1114
1114
1116
1116
1114
1115
1115
1115
1099
929
1055
1114
984
573
738
1081
934
608
436
432
430
427
425
422
420
418
415
413
411
410
409
408
408
545
496
407
407
407
407
407
407
407
406
406
405
403
402
401
399
398
397
395
394
390
389
388
386
385
385
508
422
380
379
378
377
377
377
378
378
379
380
380
381
381
382
383
384
385
386
387
388
388
389
389
390
391
394
395
396
397
399
400
402
404
406
408
410
413
414
416
417
418
420
420
421
423
424
426
427
428
428
430
431
432
433
434
436
437
439
442
444
537
1116
1034
872
457
477
463
466
761
1137
1139
1143
1146
1147
1150
1151
1153
1158
1159
1160
1164
1168
1168
1169
1172
1172
1146
998
1172
1172
1171
1172
1172
1175
1173
1171
1168
1167
1163
1168
1169
1172
1171
1171
1170
1170
1172
1179
1180
1180
1179
1185
1181
1182
1185
1185
1188
1192
1196
1198
1201
1202
1202
1204
1205
1206
1208
1205
1207
1207
1207
1206
1206
1209
1211
1217
1221
1223
1223
1223
1224
1222
1221
1220
1220
1219
1219
1218
1220
1221
1223
1223
1221
1218
1220
1218
1216
1215
1215
9999
1213
1212
1211
1212
1211
1209
1207
1207
1205
1202
1199
1198
1199
1197
1197
1199
1196
1195
1195
1200
1201
1209
1212
1207
1206
1204
1206
1207
1204
1208
1209
1210
1209
1209
1206
1208
1204
1202
1201
1203
1209
1212
1215
1219
1221
1218
1219
1216
1216
1220
1223
1224
1226
1226
1224
1227
1224
1221
1221
1219
1218
1215
1213
1211
1208
1203
1200
1198
1194
1193
1192
1190
1186
1179
1176
1173
1171
1170
1171
1174
1175
1176
1177
1177
1178
1177
1177
1174
1173
1172
1172
1171
1170
1169
1169
1158
1060
1148
1161
1166
1166
1161
1157
1156
1157
1156
1156
1158
1159
1158
1157
1153
1154
1154
1153
1153
852
654
595
471
468
467
472
483
461
459
456
454
452
453
449
447
446
445
444
445
445
445
446
447
448
448
448
449
448
449
449
449
449
454
711
567
450
449
449
448
470
462
492
604
569
519
451
470
637
732
1010
586
456
459
460
461
463
464
465
466
467
467
467
467
466
465
465
463
462
461
460
460
460
460
459
459
460
467
466
512
733
831
694
628
1065
1138
1139
1143
1141
1141
1139
1138
1138
1137
1137
1139
1138
1138
1141
1141
1142
1143
1143
1142
1145
1145
1143
1139
1140
1141
1144
1145
1145
1146
1142
1141
1138
1137
1136
1133
1066
982
915
897
1115
895
990
671
451
445
446
647
634
477
437
434
445
872
654
429
427
429
629
454
426
863
1028
1088
902
1073
770
1091
1089
983
672
1010
1072
1088
1008
813
913
594
980
1084
1083
1069
816
482
412
417
413
407
407
407
408
414
409
409
410
410
409
410
410
410
410
411
411
411
411
411
411
411
410
414
415
407
406
405
405
405
405
405
405
406
407
408
424
411
418
929
962
559
465
444
422
418
424
417
417
416
416
416
415
415
415
416
416
416
416
417
430
618
669
472
422
426
461
491
805
917
915
848
510
436
439
440
439
440
441
442
441
443
444
444
445
445
477
459
446
461
466
448
448
449
451
455
515
455
497
814
1003
849
738
638
672
840
1058
1126
1130
1130
1127
1128
1130
1130
1132
1134
1132
1100
1100
1137
1142
1140
1139
1137
1135
1133
1132
1133
1133
1135
1137
1135
1135
1137
1138
1140
1142
1145
1149
1147
1149
1150
1151
1150
1151
1153
1153
1157
1158
1156
1156
1153
1147
1143
1140
1137
1133
1131
1121
1049
1089
1095
1120
1130
1126
1070
764
708
902
1096
1030
767
540
497
505
479
470
470
469
548
860
1097
1117
1117
1117
1119
1117
1114
1112
1113
1113
1112
1012
1006
752
766
484
462
459
460
461
462
463
465
466
467
469
469
470
470
471
470
471
470
470
469
469
468
467
466
466
465
464
464
507
891
726
542
587
716
624
461
462
463
464
479
479
466
467
467
467
468
468
469
470
470
471
471
473
473
475
476
476
477
479
479
481
516
482
482
565
839
516
625
766
755
496
499
501
504
507
509
541
547
515
517
531
528
520
521
527
527
539
666
1069
1180
1185
1186
1185
1179
1178
1178
1178
1177
1145
903
651
721
881
858
814
803
832
726
627
791
864
912
981
1070
1175
936
587
684
1002
1013
1096
1182
1044
827
695
1038
1210
1211
1210
1210
1210
1212
1216
1220
1223
1225
1227
1231
1232
1233
1232
1233
1233
1232
1231
1231
1230
1228
1226
1225
1219
1217
1214
1210
1210
1208
1206
1204
1203
1201
1201
1204
1208
1212
1214
1213
1213
1211
1209
1209
1208
1208
1210
1210
1210
1210
1213
1213
1211
1205
1209
1023
971
578
548
548
548
943
968
738
1024
1186
1182
997
1102
1104
1187
1188
1101
941
1190
1192
1192
1192
1195
1199
1203
1208
1210
1209
1206
1203
1198
1197
1195
1193
1190
1188
1185
1180
1178
1177
1177
1179
1179
1174
1171
1168
1164
1163
1162
1161
1161
1165
1167
1169
1173
1170
1167
1110
848
693
588
534
534
534
533
533
533
534
565
661
535
534
533
533
554
766
539
530
529
528
528
528
528
529
539
542
535
536
537
537
537
548
698
928
1063
1097
1133
1167
1157
1164
1175
1177
1179
1180
1179
1185
1185
1186
1188
1189
1189
1192
1188
1182
1178
1178
1175
1173
1171
1175
1174
9999
1174
1177
1178
1180
1181
1186
1186
1185
1175
1169
1166
1163
1163
1164
1166
1167
1172
1172
1174
1177
1181
1187
1191
1194
1194
1196
1195
1197
1199
1201
1201
1201
1200
1198
1199
1201
1204
1207
1207
1209
1209
1207
1209
1211
1212
1209
1203
1201
1201
1201
1201
1198
1197
1196
1200
1204
1206
1205
1206
1205
1206
1206
1206
1209
1210
1211
1213
1213
1217
1219
1220
1219
1217
1217
1213
1210
1209
1209
1209
1207
1206
1202
1200
1200
1202
1205
1207
1209
1210
1211
1213
1213
1213
1216
1219
1222
1224
1225
1225
1225
1228
1229
1233
1234
1231
1232
1233
1228
1226
1229
1230
1228
1226
1223
1217
1209
1208
1206
1204
1203
1201
1199
1201
1204
1206
1206
1207
1207
1206
1204
1205
1203
1200
1197
1191
986
548
840
909
633
769
764
542
702
1169
1170
1172
1176
1178
1185
1185
1182
1181
1179
1177
1176
1179
1178
1180
1179
1178
1179
1179
1178
1178
1151
1172
1173
1176
1177
941
1024
529
520
520
519
520
924
573
700
1066
566
534
535
552
1077
1181
1180
1164
1176
1144
991
742
545
559
843
837
567
677
994
1028
1017
946
930
1165
1167
1168
1170
1166
1168
1109
1026
1149
642
545
547
912
1172
1097
1111
908
569
560
935
1110
610
542
542
610
1110
1176
1176
1178
1177
1175
1173
1171
1165
1165
1162
1164
1161
1165
1167
1168
1172
1176
1174
1177
1128
812
680
747
548
539
538
538
536
680
853
611
685
663
633
549
861
1146
1147
827
521
589
1038
1064
817
1020
1139
1143
1147
1151
1147
1145
1148
1148
1148
1147
1146
1149
1146
1148
1144
1146
1147
1146
1145
1143
1144
1141
1140
1139
1138
1134
1134
1130
1133
1132
1128
1048
534
493
490
492
490
675
505
495
496
497
499
744
1127
1133
1133
1135
1133
1132
1135
1135
1134
1134
1136
1132
1132
701
499
889
747
1010
869
628
490
809
504
823
1117
669
492
491
496
527
497
493
495
495
496
496
496
495
495
499
541
827
603
490
664
1095
1128
1127
1126
1129
1128
1130
1131
1129
1131
1128
1130
1133
1137
1139
1141
1143
1143
1141
1143
1145
1143
1143
1142
1141
1140
1137
1138
1136
1135
1135
1133
1131
1129
1125
1126
1122
1119
1115
1119
1116
1114
1112
1112
1111
1110
1107
1109
1107
1107
1107
1105
1104
1105
1106
1108
1108
1109
9999
1287
1288
1288
1289
1290
1291
1293
1296
1297
1299
1294
1292
1290
1285
1283
1282
1281
1285
1288
1291
1296
1298
1300
1298
1290
1280
1273
1271
1272
1276
1280
1278
1277
1274
1270
1271
1268
1260
1250
1246
1245
1245
1253
1261
1264
1267
1270
1274
1278
1286
1297
1307
1318
1322
1319
1307
1306
1304
1295
1298
1310
1318
1318
1318
1311
1308
1311
1322
1325
1329
1330
1331
1328
1329
1332
1334
1336
1339
1340
1339
1340
1345
1345
1342
1342
1340
1334
1327
1323
1319
1312
1312
1318
1320
1320
1318
1309
1305
1301
1303
1307
1309
1312
1321
1323
1319
1310
1308
1310
1312
1317
1317
1321
1328
1332
1334
1336
1338
1344
1348
1352
1357
1364
1365
1363
1361
1360
1364
1368
1370
1371
1370
1366
1361
1355
1351
1345
1343
1344
1344
1348
1348
1348
1345
1344
1346
1346
1347
1346
1345
1347
1347
1345
1345
1345
1341
1339
1339
1341
1341
1344
1348
1348
1349
1350
1348
1348
1349
1353
1354
1359
1361
1362
1362
1360
1361
1361
1359
1358
1354
1353
1351
1348
1347
1345
1340
1333
1328
1323
1318
1313
1312
1309
1308
1303
1298
1293
1289
1289
1285
1283
1287
1285
1282
1284
1287
1284
1281
1277
1272
1270
1272
1273
1272
1267
1257
1248
1252
1257
1257
1254
1256
1253
1253
1256
1259
1261
1257
1257
1255
1254
1255
1256
1257
1261
1261
1262
1264
1262
1260
1259
1258
1256
1248
1247
1247
1243
1240
1240
1239
1241
1246
1252
1251
1248
1246
1244
1244
1245
1245
1247
1250
1253
1257
1260
1262
1263
1264
1266
1266
1270
1273
1273
1274
1274
1277
1274
1271
1263
1259
1262
1265
1263
1262
1260
1256
1256
1260
1264
1265
1269
1270
1267
1263
1262
1257
1252
1248
1248
1251
1254
1253
1254
1256
1257
1256
1256
1255
1256
1257
1257
1259
1259
1260
1261
1259
1259
1256
1253
1254
1252
1253
1254
1253
1251
1250
1246
1245
1246
1246
1245
1244
1241
1240
1238
1238
1235
1236
1236
1236
1239
1236
1235
1235
1233
1230
1233
1241
1243
1243
1242
1242
1242
1243
1241
1241
1240
1239
1241
1241
1241
1240
1242
1243
1243
1242
1241
1240
1242
1239
1236
1235
1237
1238
1236
1237
1238
1241
1246
1250
1252
1253
1254
1254
1256
1253
1252
1252
1252
1250
1246
1243
1242
1239
1236
1236
1237
1236
1235
1230
1227
1229
1231
1232
1230
1228
1229
1227
1230
1231
1232
1232
1233
1233
1229
1227
1225
1223
1220
1218
1217
1218
1216
1215
1215
1213
1210
1207
1204
1201
1197
1196
1193
1192
1196
1194
1195
1198
1198
1192
1192
1192
1192
1194
1195
1198
1198
1200
1200
1200
1197
1194
1191
1188
1179
1173
1172
1171
1167
1166
1166
1164
1161
1159
1157
1157
1160
1160
1157
1159
1160
1161
1159
1159
1156
1153
1152
1151
1149
1149
1148
1146
1143
1143
1143
1144
1144
1145
1146
1145
1143
1142
1140
1137
1132
1129
1128
1127
1127
1125
1123
1121
1122
1120
1120
1121
1121
1120
1119
1115
1112
1110
1110
1111
1108
1109
1109
1107
1102
1101
1097
1097
1096
1095
1093
1089
1088
1091
1092
1089
1088
1085
1081
1065
713
407
410
1077
1074
1066
1067
1070
1070
1073
1072
1072
1076
1074
1074
621
401
401
690
1064
1065
1066
1066
1070
1071
1076
1080
1086
1089
1093
1099
1102
1103
1107
1108
1108
1110
1113
1112
1111
1107
1099
1099
1099
1102
1109
1112
1111
1113
1116
1116
1119
1122
1124
1122
1127
1127
1123
1122
1128
1127
1120
1120
1121
1117
1116
1117
1117
1116
1112
1106
1103
1101
1093
1092
1092
1036
1089
889
446
488
934
1097
1093
1083
1069
918
716
698
502
435
533
1081
1089
1091
629
437
441
1045
684
994
876
746
965
1121
984
941
1108
1137
1136
1135
1136
1138
1142
1141
1148
1155
1163
1168
1172
1176
1179
1180
1189
1193
1192
1193
1191
1186
1185
1181
1181
1179
1179
1180
1179
1181
1182
603
519
560
1001
707
1225
1222
558
627
1214
1216
1215
1214
1211
1211
1210
1213
1217
1216
1214
1215
1211
1208
1207
1207
1211
1213
1216
1213
1213
1216
1218
1223
1227
1232
1236
1242
1244
1247
1253
1253
1253
1256
1254
1248
1245
1242
1240
1238
1236
1235
1229
1226
1227
1230
1233
1235
1233
1235
1237
1237
1235
1234
1231
1228
1224
1222
1224
1225
1227
1227
1226
1224
1224
1221
1220
1217
1212
1208
1204
1199
1197
1199
1200
1203
1205
1207
1209
1211
1215
1215
1213
1217
1220
1221
1224
1228
1231
1229
1235
1236
1235
1236
1238
1241
1244
1244
1244
1245
1246
1250
1247
1247
1253
1252
1253
1251
1245
1245
1242
1241
1242
1243
1244
1243
1246
1247
1248
1246
1245
1243
1244
1243
1243
1242
1245
1245
1246
1246
1248
1246
1245
1245
1244
1244
1245
1243
1240
1241
1239
1237
1238
1242
1245
1246
1250
1254
1248
1244
1245
1245
1245
1244
1245
1246
1251
1254
1255
1257
1259
1258
1260
1265
1267
1270
1272
1269
1267
1270
1269
1271
1275
1279
1284
1292
1294
1293
1292
1288
1283
1284
1285
1283
1285
1286
1285
1284
1282
1285
1283
1282
1281
1281
1280
1279
1280
1279
1276
1268
1261
1258
1257
1260
1263
1266
1266
1266
1269
1272
1276
1281
1282
1281
1281
1282
1283
1285
1284
1285
1288
1288
1289
1289
1288
1290
1293
1296
1303
1304
1304
1302
1304
1305
1306
1303
1302
1302
1299
1296
1297
1298
1298
1298
1299
1299
1296
1295
1295
9999
1294
1295
1296
1294
1296
1296
1299
1299
1296
1295
1293
1292
1291
1288
1287
1286
1287
1288
1287
1285
1283
1286
1287
1288
1290
1290
1288
1283
1280
1278
1281
1285
1285
1286
1284
1283
1280
1280
1280
1281
1283
1284
1284
1286
1287
1285
1285
1283
1283
1283
1286
1287
1294
1299
1302
1300
1299
1292
1286
1285
1282
1282
1281
1281
1277
1276
1276
1276
1274
1272
1270
1270
1273
1274
1274
1274
1275
1275
1277
1278
1279
1278
1281
1282
1283
1283
1280
1279
1277
1275
1275
1273
1273
1272
1272
1270
1269
1268
1270
1265
1264
1273
1272
1273
1276
1278
1280
1280
1279
1277
1277
1278
1280
1279
1280
1283
1278
1276
1274
1275
1275
1275
1276
1278
1278
1276
1276
1279
1279
1278
1277
1275
1273
1272
1271
1272
1268
1266
1268
1267
1266
1266
1267
1265
1267
1268
1269
1269
1271
1273
1274
1274
1274
1272
1273
1272
1271
1271
1272
1274
1272
1270
1270
1270
1271
1271
1269
1268
1267
1266
1265
1262
1261
1262
1264
1265
1266
1263
1262
1262
1262
1263
1263
1262
1261
1260
1257
1257
1258
1257
1254
1253
1250
1248
1246
1245
1161
1187
1236
1230
1225
1227
1229
1229
1229
1231
1228
1225
1224
1224
1224
1226
1210
754
695
565
624
643
561
617
554
567
819
1114
1199
1197
878
516
706
1017
1155
1121
932
812
768
1033
1185
1187
1017
1185
1189
1189
1192
1191
1192
1192
1194
1192
1190
1159
901
735
752
626
503
498
495
573
528
492
518
504
478
478
515
698
617
702
772
767
932
618
500
488
488
488
487
487
487
486
486
486
895
951
488
483
481
858
894
479
478
745
502
477
991
1082
883
1164
1164
1162
1161
1158
1155
1154
1156
1155
1156
1157
1158
1156
1154
1156
1154
1155
1154
1153
1153
1153
1153
1156
1154
1154
1151
1151
1153
1155
1159
1162
1162
1165
1165
1168
1170
1172
1173
1172
1170
1168
1167
1164
1165
1166
1167
1166
1165
1164
1165
1164
1164
1163
1163
1162
1164
1166
1166
1164
1165
1165
1165
1164
1163
1164
1168
1170
1169
1171
1172
1171
1170
1170
1170
1168
1168
1169
1167
1166
1166
1165
1163
1163
1162
1159
1158
1156
951
517
506
770
1031
667
479
658
1121
1145
1146
1033
549
651
766
1099
1143
942
710
1012
1139
1136
1136
1137
1136
1136
1135
1134
1134
1132
1129
1128
1127
1126
1125
1124
1120
1120
1119
1117
1116
1114
971
700
461
761
860
551
437
436
434
433
432
431
430
429
428
427
426
425
423
432
421
419
417
416
415
414
413
412
413
414
427
727
476
419
420
421
423
424
426
427
428
429
825
1096
1096
1096
1097
1096
1097
1095
1095
998
834
596
645
630
511
581
599
492
541
586
484
472
532
548
610
747
909
1090
1115
1115
1119
1119
1121
1123
992
1023
1116
1111
1032
682
472
772
1115
1117
852
612
1121
1123
1100
1130
1076
1113
578
501
1008
968
927
1084
851
815
686
794
1111
924
500
709
1120
1134
1136
1136
1115
1108
1129
1076
1138
1140
1141
1143
1144
1145
1144
1145
1147
1150
1152
1152
1153
1156
1157
1154
1153
1150
1147
1146
1145
1146
1146
1147
1148
1148
1147
1146
1145
1141
1138
1138
1138
1136
1132
1131
1132
1135
1137
1138
1139
1140
1142
1142
1143
1142
1141
1142
1141
1136
1138
1139
1140
1137
1134
1130
1126
1124
1099
499
534
468
633
432
428
625
864
429
415
414
413
452
437
415
427
408
464
626
939
1086
1085
1083
1083
1082
1082
1081
1080
1079
1078
1077
1075
1074
1070
933
380
379
378
377
375
374
373
374
374
374
374
379
769
465
455
434
372
372
461
426
371
384
370
370
370
379
910
385
367
366
365
382
384
661
369
365
366
369
719
696
381
498
709
897
1016
1063
1065
1064
1064
1064
1046
776
376
375
408
387
744
939
820
1054
385
385
388
420
391
395
398
496
995
913
1070
1096
1099
1101
1102
1104
1105
1106
1107
1108
1110
1114
1120
1125
1129
1133
1135
1137
1140
1145
1149
1152
1151
1148
1144
1143
1143
1144
1146
1149
1150
1152
1151
1152
1153
1155
1155
1155
1151
1152
1151
1152
1152
1151
1153
1151
1152
1152
1151
1149
1149
1145
1144
1141
1138
1137
1134
1133
1131
1130
1130
1128
1127
1125
1122
9999
309
310
323
373
416
368
315
317
318
320
322
323
324
325
326
328
333
358
339
330
330
331
331
331
331
332
332
332
332
331
331
332
332
362
512
561
360
383
341
334
369
331
330
335
536
724
907
975
891
658
820
974
970
968
967
966
965
966
965
965
966
966
969
968
965
961
956
950
942
857
940
933
600
299
298
298
298
298
298
298
297
297
296
295
295
295
293
292
290
289
287
286
301
292
390
281
281
288
672
909
511
281
281
283
438
597
760
428
286
555
844
756
292
602
506
292
293
293
373
349
294
295
295
295
296
297
297
298
299
300
301
302
304
307
310
313
316
318
321
333
347
391
332
334
336
338
413
349
342
347
345
472
349
348
349
351
352
353
353
354
355
357
360
363
366
368
371
373
376
378
380
382
383
384
385
385
385
386
388
389
390
391
395
442
396
399
401
515
403
421
454
407
559
716
767
1028
1034
1040
1044
1042
1040
1039
1036
1032
1032
1034
1036
1036
1039
1041
1042
1042
1039
1036
1036
1034
1035
1031
1027
1023
1020
1016
1011
1007
1003
1001
999
995
991
987
986
584
378
376
374
373
716
891
483
581
954
963
910
472
363
361
360
358
356
355
441
554
349
346
343
341
338
334
396
465
330
320
317
314
634
509
306
303
301
342
813
908
817
809
912
554
282
279
277
275
272
270
268
265
263
256
254
253
251
251
250
249
248
248
247
247
246
246
246
248
246
270
301
436
695
433
246
245
244
243
242
242
241
241
240
238
237
235
234
234
233
233
232
231
233
235
273
728
533
903
737
914
915
882
599
307
258
263
265
325
448
512
504
417
318
305
314
283
270
271
271
271
272
271
272
273
274
275
275
276
276
278
279
279
281
283
282
283
284
285
286
287
288
289
291
292
294
295
295
296
298
437
310
301
302
304
306
309
313
315
317
320
324
328
331
334
337
339
342
345
349
351
354
357
359
362
365
368
371
374
376
377
379
382
382
384
385
386
388
389
391
396
399
403
466
413
820
1015
1023
1032
1035
1036
1040
1044
1056
1065
1068
1068
1069
1066
1064
1064
1066
1071
1075
1080
1083
1086
1090
1090
1087
1084
1084
1081
1079
1081
1079
1076
1075
1075
1074
1074
1076
1077
1075
1074
1077
1076
1076
1078
1080
1081
1084
1085
1084
1082
1078
1077
1074
1072
1074
1078
706
446
444
444
445
454
457
447
449
451
453
456
459
459
460
460
459
461
519
486
487
595
489
481
468
467
465
514
538
464
465
466
468
480
472
520
476
477
718
1106
1108
1112
979
840
1043
1134
1138
1136
638
783
930
642
768
998
723
780
644
514
503
502
510
504
505
578
838
606
511
578
777
1034
1143
1143
1146
1148
1155
1164
1175
1176
1179
1180
1180
1178
1176
1177
1178
1178
1177
1177
1177
1178
1177
1179
1177
1174
1170
1172
1171
1167
1167
1165
1163
1168
1172
1171
1174
1179
1187
1188
1189
1193
1194
1192
1192
1190
1188
1182
1181
1186
1185
1182
1182
1178
1176
1174
1173
1175
1177
1176
1172
1171
1168
1162
1158
1154
1151
1154
1161
1165
1162
1156
1153
1150
1147
1145
1143
1140
1138
1138
1134
1133
1135
1137
1136
1138
1141
1144
1144
1142
1139
1138
1137
1138
1137
1139
1136
630
489
838
1098
1122
1066
911
1088
879
939
555
470
596
871
705
733
450
447
444
442
443
443
445
447
448
449
449
449
448
446
446
745
765
474
446
447
700
1111
1111
1110
1110
1108
1106
1107
1108
975
547
455
451
450
451
452
453
519
847
650
496
456
455
455
456
456
457
457
456
456
510
473
482
549
470
528
1095
574
465
594
930
944
576
461
462
465
466
468
542
972
518
474
474
474
641
674
984
492
487
518
476
476
477
476
474
474
516
514
479
551
579
611
715
842
924
891
754
609
498
472
470
467
468
537
734
965
973
845
867
996
1087
1102
1098
1093
1091
1090
1091
1092
1095
1096
1093
1066
9999
1078
1080
1080
1086
1095
1100
1101
1099
1103
1098
1098
1100
1101
1104
1101
1106
1109
1116
1117
1117
1115
1110
1108
1100
1098
1093
1092
1085
1086
1084
1084
1089
1098
1103
1107
1107
575
771
851
724
1076
1099
1105
836
820
455
484
598
662
653
604
615
658
712
618
855
718
748
816
1011
1022
988
436
616
927
1017
1008
998
865
519
422
595
929
961
935
579
328
356
614
947
940
939
296
320
872
492
602
295
543
292
385
538
304
285
631
530
574
369
423
467
365
476
530
446
379
372
291
684
899
750
617
475
291
268
264
256
251
247
246
248
250
271
314
248
246
255
370
426
242
236
234
231
229
229
227
225
223
224
226
226
232
307
517
247
257
231
233
236
234
233
233
231
269
231
231
235
250
234
232
234
302
235
235
240
237
240
277
268
271
235
233
231
229
228
227
226
230
233
239
339
248
250
254
257
265
268
357
314
496
293
300
427
407
318
321
325
507
332
324
324
351
326
322
321
321
320
320
320
321
323
326
330
332
332
333
333
334
334
336
338
339
341
342
343
343
350
377
806
818
417
556
731
512
581
400
949
1026
1033
863
385
385
386
482
484
602
428
414
398
400
402
404
406
407
408
409
408
408
407
406
405
404
403
403
403
449
496
418
400
399
398
398
397
397
396
395
395
395
395
396
396
397
400
412
435
403
404
405
408
440
416
408
406
466
740
471
402
401
400
510
511
397
394
390
389
388
387
387
387
460
619
558
539
495
387
387
389
391
435
510
400
402
404
406
408
549
1014
1073
1073
1076
1084
1093
1099
1106
1110
1114
1115
1116
1113
1111
1113
1111
1114
1117
1121
1123
1124
1126
1125
1121
630
421
419
416
413
411
472
982
814
412
397
394
388
384
420
852
1025
1020
1018
1019
1008
480
350
345
341
338
334
331
328
324
322
444
355
320
318
316
315
314
313
313
313
313
313
313
313
314
314
314
314
314
314
313
313
312
311
310
309
308
307
306
311
325
298
296
294
292
289
287
286
323
320
281
282
283
283
313
304
284
284
404
323
292
311
390
489
395
289
290
292
292
293
293
293
294
294
309
511
504
295
295
296
296
296
296
298
299
300
301
302
302
302
303
303
304
306
308
309
311
312
312
313
313
313
314
315
316
317
318
320
321
323
324
325
365
329
331
333
335
337
341
344
506
409
485
407
513
735
487
366
364
367
369
370
371
372
374
375
377
404
382
381
531
588
384
381
382
383
385
571
937
664
733
721
800
588
394
394
394
395
430
427
397
398
398
399
530
700
661
518
493
404
405
407
408
409
409
410
411
413
414
415
416
417
419
421
422
423
423
425
419
417
416
429
553
451
396
398
585
495
361
367
376
397
415
432
445
457
1122
1128
1130
1133
1132
1132
1135
1139
1145
1152
1158
1161
1163
1163
1165
1163
1165
1166
1127
1034
1060
1160
1121
1104
1161
1166
1128
891
665
701
976
1173
1176
1172
1166
1163
1163
1164
1162
1165
1170
1172
1174
1175
1180
1181
1182
1185
1182
1180
1182
1181
1180
1179
1176
1174
1171
1168
1166
1168
1169
1166
1163
1159
1158
1156
1151
1149
1149
1148
1150
1151
1153
1151
1151
1150
1151
1149
1147
1144
1141
1012
747
729
1138
1136
914
489
632
481
479
709
1002
476
473
910
504
467
469
1099
717
463
504
461
460
461
755
915
746
475
464
464
464
469
547
590
633
1116
1004
1114
1117
1116
1121
1121
1120
1119
1117
1119
1116
984
614
532
477
478
487
706
983
627
571
559
490
490
491
493
617
619
497
496
498
499
865
1084
1141
965
613
551
744
800
735
717
500
500
532
1042
1142
1144
1148
1151
1156
1160
1161
1163
1163
1164
1164
1163
1162
1161
1159
1156
1154
1150
1147
1146
1145
1140
1137
1134
1086
728
595
1046
1138
1142
1145
1143
1141
1139
1139
1139
1135
1132
1130
1130
1131
1130
1130
1129
1127
1125
1124
1123
1121
1121
1117
1120
1121
1121
1121
1121
1121
1120
1092
1122
1119
1117
1117
1122
1123
1122
1121
1117
1114
1110
1108
1107
1105
1089
580
456
505
634
495
452
448
447
447
446
446
446
446
446
446
445
445
445
445
445
445
444
443
443
442
442
441
440
439
438
437
444
546
680
498
432
430
430
428
437
468
424
424
423
424
424
425
637
439
427
427
429
429
430
431
432
433
434
435
436
437
439
574
705
448
571
538
444
475
1094
1041
618
445
445
448
450
447
448
449
450
452
453
455
460
460
460
462
463
464
474
470
464
465
467
470
472
654
888
768
604
582
629
625
595
649
670
603
623
556
478
478
477
476
476
477
477
478
479
479
479
480
481
481
483
487
490
9999
494
499
487
485
486
486
486
484
484
485
486
486
486
488
491
493
492
495
669
1077
1135
1140
1139
1137
1136
1137
1142
1146
1147
1150
1153
1155
1155
1160
1165
1169
1172
1174
1170
1171
1186
1188
1192
1194
1196
1200
1201
1202
1202
1205
1204
1201
1199
1202
1205
1204
1207
1211
1213
1215
1216
1216
1217
1223
1229
1229
1229
1227
1225
1222
1222
1223
1223
1222
1222
1220
1219
1218
1216
1216
1213
1208
1206
1203
1200
1195
1190
1187
1186
1179
1175
1174
1171
1170
1169
1169
1166
1165
1163
1165
1167
1166
1165
1164
1163
1160
1159
1157
1155
1153
1152
1152
1151
1151
1147
1147
735
614
505
483
481
480
478
478
477
477
478
478
479
480
487
482
482
483
506
483
483
483
482
482
482
483
672
873
613
914
1139
1139
634
474
473
472
472
484
470
470
470
469
475
471
468
468
468
469
470
470
471
475
473
473
475
475
475
476
476
477
478
480
482
513
607
544
741
1021
916
673
602
921
1141
1141
661
747
867
929
1039
1137
1152
1152
1152
1139
926
1129
1155
1157
1130
924
1040
989
598
521
773
1102
724
536
520
530
576
529
530
530
701
1156
1192
1196
948
1210
1212
1208
1209
1212
1215
1217
1210
1202
1198
1186
923
568
552
614
1190
1199
1199
1200
1205
1204
1199
1196
1193
1191
1188
1190
1193
1194
1196
1198
1200
1199
1202
1205
1206
1205
1210
1209
1211
1214
1217
1217
1218
1215
1209
1211
1211
1213
1219
1226
1229
1232
1235
1230
1230
1231
1231
1234
1243
1245
1239
1235
1237
1232
1231
1232
1229
1229
1236
1248
1256
1257
1258
1260
1257
1258
1259
1260
1265
1271
1274
1279
1281
1278
1281
1281
1279
1278
1279
1279
1279
1276
1272
1273
1279
1279
1282
1285
1288
1291
1296
1296
1294
1292
1292
1291
1288
1286
1283
1279
1279
1278
1275
1276
1277
1277
1276
1276
1280
1279
1281
1287
1291
1290
1291
1290
1286
1285
1279
1278
1281
1284
1286
1287
1286
1285
1278
1272
1269
1266
1263
1259
1258
1257
1258
1259
1259
1262
1264
1264
1263
1262
1260
1260
1265
1261
1257
1255
1252
1251
1252
1252
1251
1246
1241
1158
968
913
1016
954
719
568
557
555
553
551
550
548
562
688
935
1023
700
536
535
534
533
563
743
672
549
527
527
527
531
585
687
777
886
986
1043
1074
1093
9999
